11

0	0	0	0	0	0	4	12	4	4	0
0	0	0	0	0	0	0	6	0	2	4
0	0	0	0	0	0	0	4	4	0	0
0	0	0	0	0	0	0	6	0	2	4
0	0	0	0	0	8	16	2	38	16	12
0	0	0	0	8	0	20	14	20	6	6
4	0	0	0	16	20	0	26	28	0	0
12	6	4	6	2	14	26	0	18	27	24
4	0	4	0	38	20	28	18	0	19	14
4	2	0	2	16	6	0	27	19	0	57
0	4	0	4	12	6	0	24	14	57	0
