11

0	0	0	0	1	0	0	1	0	0	1
0	0	0	0	8	4	0	1	4	8	0
0	0	0	0	16	38	41	58	52	33	36
0	0	0	0	40	30	12	2	8	28	28
1	8	16	40	0	0	12	0	12	60	12
0	4	38	30	0	0	64	52	65	55	56
0	0	41	12	12	64	0	83	48	67	40
1	1	58	2	0	52	83	0	21	40	64
0	4	52	8	12	65	48	21	0	42	32
0	8	33	28	60	55	67	40	42	0	68
1	0	36	28	12	56	40	64	32	68	0
