12

0	88	0	0	76	32	16	16	43	20	26	132
88	0	0	0	0	0	0	16	80	48	8	136
0	0	0	120	4	4	4	16	89	108	45	56
0	0	120	0	58	42	102	126	102	74	18	42
76	0	4	58	0	24	32	66	80	47	324	250
32	0	4	42	24	0	101	116	94	328	226	88
16	0	4	102	32	101	0	312	86	240	68	110
16	16	16	126	66	116	312	0	162	214	48	57
43	80	89	102	80	94	86	162	0	100	86	90
20	48	108	74	47	328	240	214	100	0	300	110
26	8	45	18	324	226	68	48	86	300	0	454
132	136	56	42	250	88	110	57	90	110	454	0
