9

0	0	0	0	591	0	0	199	379
0	0	629	0	793	515	0	207	0
0	629	0	370	0	0	388	0	0
0	0	370	0	759	0	636	0	884
591	793	0	759	0	773	327	0	0
0	515	0	0	773	0	349	0	896
0	0	388	636	327	349	0	857	873
199	207	0	0	0	0	857	0	440
379	0	0	884	0	896	873	440	0
