10

0	80	48	20	16	12	104	104	20	196
80	0	0	32	16	24	68	68	24	120
48	0	0	16	24	80	70	48	28	78
20	32	16	0	0	32	28	24	438	268
16	16	24	0	0	114	200	94	244	56
12	24	80	32	114	0	80	80	100	48
104	68	70	28	200	80	0	264	214	127
104	68	48	24	94	80	264	0	104	112
20	24	28	438	244	100	214	104	0	536
196	120	78	268	56	48	127	112	536	0
