11

0	100	60	72	40	0	48	40	32	80	472
100	0	0	0	8	20	52	56	248	980	814
60	0	0	0	0	16	36	388	792	684	306
72	0	0	0	204	100	300	204	488	256	236
40	8	0	204	0	516	360	388	432	192	276
0	20	16	100	516	0	348	422	344	104	412
48	52	36	300	360	348	0	156	76	6	588
40	56	388	204	388	422	156	0	252	160	508
32	248	792	488	432	344	76	252	0	1256	288
80	980	684	256	192	104	6	160	1256	0	1016
472	814	306	236	276	412	588	508	288	1016	0
