13

0	0	0	0	0	30	16	12	4	6	8	16	24
0	0	0	0	0	4	14	8	10	8	10	8	11
0	0	0	0	0	0	4	6	6	0	8	6	3
0	0	0	0	0	0	0	4	2	0	0	4	3
0	0	0	0	0	0	0	0	1	0	0	0	1
30	4	0	0	0	0	16	8	12	43	30	20	34
16	14	4	0	0	16	0	16	24	40	83	32	38
12	8	6	4	0	8	16	0	42	76	76	71	40
4	10	6	2	1	12	24	42	0	70	44	24	35
6	8	0	0	0	43	40	76	70	0	50	30	38
8	10	8	0	0	30	83	76	44	50	0	58	58
16	8	6	4	0	20	32	71	24	30	58	0	60
24	11	3	3	1	34	38	40	35	38	58	60	0
