14

0	0	0	0	0	0	0	0	0	4	8	0	0	4
0	0	0	0	0	0	0	0	0	4	4	0	0	0
0	0	0	0	0	0	0	0	0	4	11	2	0	4
0	0	0	0	0	0	0	0	0	4	4	0	0	0
0	0	0	0	0	0	0	0	0	4	8	0	0	4
0	0	0	0	0	0	0	0	0	4	4	0	0	0
0	0	0	0	0	0	0	0	0	4	14	6	0	4
0	0	0	0	0	0	0	0	8	12	8	28	8	8
0	0	0	0	0	0	0	8	0	72	14	104	32	36
4	4	4	4	4	4	4	12	72	0	58	72	0	0
8	4	11	4	8	4	14	8	14	58	0	18	0	30
0	0	2	0	0	0	6	28	104	72	18	0	38	28
0	0	0	0	0	0	0	8	32	0	0	38	0	92
4	0	4	0	4	0	4	8	36	0	30	28	92	0
