10

0	0	709	681	0	0	0	689	0	640
0	0	0	0	0	634	0	679	0	631
709	0	688	0	649	0	0	0	0	642
681	0	0	713	698	0	0	714	647	723
0	0	649	698	0	674	704	0	664	649
0	634	0	0	674	715	696	0	0	0
0	0	0	0	704	696	678	646	714	0
689	679	0	714	0	0	646	0	642	0
0	0	0	647	664	0	714	642	0	0
640	631	642	723	649	0	0	0	0	643
