10

597	238	405	493	671	30	627	608	576	349
238	617	342	562	600	80	152	477	305	129
405	342	90	221	220	177	422	595	584	134
493	562	221	339	648	550	382	116	525	539
671	600	220	648	189	602	620	180	672	570
30	80	177	550	602	114	531	616	111	558
627	152	422	382	620	531	548	137	479	202
608	477	595	116	180	616	137	159	65	404
576	305	584	525	672	111	479	65	334	194
349	129	134	539	570	558	202	404	194	559
