10

307	308	298	308	327	287	260	251	280	310
308	269	343	261	271	275	260	285	327	273
298	343	307	332	314	256	271	257	327	326
308	261	332	293	322	318	267	311	343	286
327	271	314	322	251	289	299	273	272	287
287	275	256	318	289	277	321	306	266	277
260	260	271	267	299	321	256	270	280	257
251	285	257	311	273	306	270	261	267	327
280	327	327	343	272	266	280	267	289	340
310	273	326	286	287	277	257	327	340	253
