10

547	0	432	357	375	0	374	0	0	319
0	327	383	459	0	0	535	316	0	0
432	383	519	0	0	0	322	0	451	491
357	459	0	475	446	0	372	0	307	0
375	0	0	446	451	320	403	0	330	0
0	0	0	0	320	523	511	496	452	452
374	535	322	372	403	511	544	358	486	0
0	316	0	0	0	496	358	0	306	339
0	0	451	307	330	452	486	306	422	415
319	0	491	0	0	452	0	339	415	0
