10

689	668	609	629	675	619	609	650	669	628
668	653	687	675	611	628	669	668	614	678
609	687	651	675	695	679	607	688	653	646
629	675	675	665	676	623	662	622	636	654
675	611	695	676	691	614	685	672	673	609
619	628	679	623	614	687	620	657	675	623
609	669	607	662	685	620	636	610	646	612
650	668	688	622	672	657	610	608	652	675
669	614	653	636	673	675	646	652	613	612
628	678	646	654	609	623	612	675	612	630
