10

672	594	0	562	643	605	731	732	0	0
594	684	584	685	0	595	587	750	585	624
0	584	636	774	641	715	0	746	715	593
562	685	774	555	772	749	589	786	633	722
643	0	641	772	653	0	731	687	0	786
605	595	715	749	0	0	669	596	0	762
731	587	0	589	731	669	644	765	732	759
732	750	746	786	687	596	765	789	671	571
0	585	715	633	0	0	732	671	592	643
0	624	593	722	786	762	759	571	643	597
