10

17	17	28	24	21	14	32	21	12	20
17	39	24	13	28	32	32	29	8	38
28	24	36	18	12	35	11	20	38	19
24	13	18	18	37	39	13	37	37	35
21	28	12	37	27	35	12	13	23	17
14	32	35	39	35	10	23	29	24	8
32	32	11	13	12	23	38	27	24	18
21	29	20	37	13	29	27	30	38	39
12	8	38	37	23	24	24	38	32	30
20	38	19	35	17	8	18	39	30	11
