10

129	163	154	141	163	160	148	152	148	146
163	127	149	127	147	126	139	135	133	140
154	149	151	147	139	145	145	135	127	142
141	127	147	131	146	138	141	147	144	137
163	147	139	146	159	147	128	148	130	131
160	126	145	138	147	154	146	134	130	156
148	139	145	141	128	146	153	163	159	135
152	135	135	147	148	134	163	149	126	153
148	133	127	144	130	130	159	126	156	135
146	140	142	137	131	156	135	153	135	153
