10

143	153	225	379	374	286	247	164	136	148
153	134	331	260	188	326	365	378	291	332
225	331	399	379	237	230	176	260	186	292
379	260	379	340	109	125	189	396	253	243
374	188	237	109	360	368	382	268	311	175
286	326	230	125	368	371	104	181	406	250
247	365	176	189	382	104	186	393	369	411
164	378	260	396	268	181	393	210	170	205
136	291	186	253	311	406	369	170	291	375
148	332	292	243	175	250	411	205	375	135
