10

156	210	171	180	161	160	173	219	158	147
210	204	167	150	198	196	187	131	205	171
171	167	139	185	201	174	195	190	128	185
180	150	185	180	134	180	139	158	219	169
161	198	201	134	198	159	212	155	206	176
160	196	174	180	159	206	157	155	140	208
173	187	195	139	212	157	124	213	191	152
219	131	190	158	155	155	213	209	157	131
158	205	128	219	206	140	191	157	184	155
147	171	185	169	176	208	152	131	155	128
