10

663	621	879	410	660	445	440	868	534	565
621	730	314	349	392	679	326	341	450	817
879	314	362	685	812	785	373	836	595	792
410	349	685	694	412	666	645	294	741	467
660	392	812	412	652	401	875	575	672	278
445	679	785	666	401	403	629	695	576	846
440	326	373	645	875	629	428	300	513	815
868	341	836	294	575	695	300	622	860	738
534	450	595	741	672	576	513	860	674	495
565	817	792	467	278	846	815	738	495	385
