10

887	572	863	638	803	886	832	936	832	664
572	442	930	523	749	754	567	793	543	675
863	930	498	402	740	823	482	636	580	559
638	523	402	622	673	741	702	498	931	371
803	749	740	673	780	472	737	830	734	523
886	754	823	741	472	807	614	590	840	749
832	567	482	702	737	614	799	606	530	689
936	793	636	498	830	590	606	440	411	716
832	543	580	931	734	840	530	411	393	407
664	675	559	371	523	749	689	716	407	440
