10

86	0	92	0	0	0	262	0	0	0
0	118	0	126	0	0	193	0	0	0
92	0	103	0	0	0	86	0	0	169
0	126	0	179	0	0	0	257	0	0
0	0	0	0	0	0	187	0	54	0
0	0	0	0	0	227	0	0	227	128
262	193	86	0	187	0	63	139	204	172
0	0	0	257	0	0	139	0	256	220
0	0	0	0	54	227	204	256	65	140
0	0	169	0	0	128	172	220	140	0
