10

790	593	478	639	568	677	638	519	610	717
593	723	591	789	626	498	775	678	612	780
478	591	593	535	767	637	477	757	644	767
639	789	535	609	729	675	697	535	554	583
568	626	767	729	604	768	580	613	650	595
677	498	637	675	768	593	604	493	756	668
638	775	477	697	580	604	779	683	782	672
519	678	757	535	613	493	683	787	598	739
610	612	644	554	650	756	782	598	729	702
717	780	767	583	595	668	672	739	702	495
