10

249	383	287	335	138	385	186	497	456	88
383	331	219	441	202	185	330	88	95	42
287	219	207	480	191	185	228	49	357	244
335	441	480	81	260	465	486	152	366	332
138	202	191	260	188	405	301	489	174	328
385	185	185	465	405	174	161	98	87	307
186	330	228	486	301	161	290	63	162	230
497	88	49	152	489	98	63	487	305	122
456	95	357	366	174	87	162	305	384	476
88	42	244	332	328	307	230	122	476	385
