10

477	470	654	578	764	697	593	759	422	644
470	689	714	723	415	665	463	781	604	705
654	714	460	552	583	480	716	612	754	635
578	723	552	533	652	496	681	521	643	459
764	415	583	652	673	484	771	409	409	497
697	665	480	496	484	658	561	723	775	485
593	463	716	681	771	561	676	454	752	620
759	781	612	521	409	723	454	468	716	580
422	604	754	643	409	775	752	716	515	584
644	705	635	459	497	485	620	580	584	699
