10

7	41	110	61	75	111	122	36	29	9
41	55	106	26	81	46	23	24	103	110
110	106	98	115	100	28	53	58	119	20
61	26	115	119	17	6	80	88	115	122
75	81	100	17	62	6	15	95	36	67
111	46	28	6	6	121	99	37	96	46
122	23	53	80	15	99	101	51	23	9
36	24	58	88	95	37	51	75	35	50
29	103	119	115	36	96	23	35	94	15
9	110	20	122	67	46	9	50	15	103
