10

849	0	0	522	0	0	414	0	0	572
0	0	0	0	0	0	457	712	0	0
0	0	0	875	682	881	347	0	0	443
522	0	875	422	432	0	871	0	367	783
0	0	682	432	0	593	610	0	635	0
0	0	881	0	593	339	0	0	409	0
414	457	347	871	610	0	354	520	409	0
0	712	0	0	0	0	520	899	568	0
0	0	0	367	635	409	409	568	584	886
572	0	443	783	0	0	0	0	886	744
