10

651	504	615	660	486	831	531	764	836	600
504	611	827	739	584	761	647	498	894	859
615	827	927	540	777	588	593	505	492	828
660	739	540	731	498	855	585	641	899	553
486	584	777	498	764	823	842	884	694	539
831	761	588	855	823	880	583	909	495	716
531	647	593	585	842	583	557	716	925	607
764	498	505	641	884	909	716	639	721	743
836	894	492	899	694	495	925	721	556	733
600	859	828	553	539	716	607	743	733	745
