10

882	889	892	942	924	906	937	936	932	925
889	899	929	915	903	934	930	883	908	923
892	929	904	937	883	951	933	948	895	948
942	915	937	951	893	912	905	909	937	945
924	903	883	893	913	935	923	952	887	889
906	934	951	912	935	946	884	927	935	892
937	930	933	905	923	884	889	918	920	894
936	883	948	909	952	927	918	939	910	917
932	908	895	937	887	935	920	910	909	898
925	923	948	945	889	892	894	917	898	932
