10

218	0	198	0	234	256	155	212	168	205
0	221	212	0	0	195	0	253	200	161
198	212	0	252	214	228	222	210	241	215
0	0	252	0	0	226	171	0	180	0
234	0	214	0	215	164	240	182	248	182
256	195	228	226	164	215	0	195	208	228
155	0	222	171	240	0	189	183	247	159
212	253	210	0	182	195	183	196	245	226
168	200	241	180	248	208	247	245	186	228
205	161	215	0	182	228	159	226	228	170
