10

116	113	138	136	127	123	114	128	130	133
113	154	136	144	133	113	122	150	127	124
138	136	113	117	117	131	151	130	146	127
136	144	117	149	146	114	153	126	120	127
127	133	117	146	134	146	122	152	145	135
123	113	131	114	146	139	137	142	130	131
114	122	151	153	122	137	139	151	138	128
128	150	130	126	152	142	151	132	122	148
130	127	146	120	145	130	138	122	144	139
133	124	127	127	135	131	128	148	139	121
