10

320	456	432	284	522	398	307	331	373	435
456	321	419	332	439	414	432	358	486	385
432	419	419	366	304	450	516	472	299	339
284	332	366	442	428	473	359	374	412	477
522	439	304	428	380	295	467	323	491	513
398	414	450	473	295	439	485	290	368	403
307	432	516	359	467	485	306	467	440	296
331	358	472	374	323	290	467	432	285	296
373	486	299	412	491	368	440	285	420	392
435	385	339	477	513	403	296	296	392	312
