10

443	445	449	418	448	473	458	425	471	469
445	463	470	443	427	443	475	416	423	501
449	470	476	479	496	500	445	421	449	473
418	443	479	426	488	433	411	490	474	409
448	427	496	488	456	472	486	434	464	497
473	443	500	433	472	416	468	424	499	483
458	475	445	411	486	468	463	427	497	426
425	416	421	490	434	424	427	480	438	494
471	423	449	474	464	499	497	438	482	481
469	501	473	409	497	483	426	494	481	469
