10

340	324	314	330	339	315	316	341	325	330
324	336	335	313	331	323	321	318	312	343
314	335	334	324	335	342	328	324	331	331
330	313	324	339	324	320	327	336	316	333
339	331	335	324	319	337	338	340	314	328
315	323	342	320	337	316	312	336	313	318
316	321	328	327	338	312	327	327	331	329
341	318	324	336	340	336	327	330	332	326
325	312	331	316	314	313	331	332	320	333
330	343	331	333	328	318	329	326	333	316
