10

101	324	0	60	374	560	408	46	311	102
324	356	493	92	322	0	309	405	0	61
0	493	0	0	347	37	0	421	493	515
60	92	0	116	0	242	446	376	152	510
374	322	347	0	424	0	0	0	270	508
560	0	37	242	0	167	101	0	153	58
408	309	0	446	0	101	59	309	239	300
46	405	421	376	0	0	309	0	0	331
311	0	493	152	270	153	239	0	0	210
102	61	515	510	508	58	300	331	210	484
