10

507	523	356	0	402	0	516	0	444	350
523	375	374	489	475	0	424	585	600	447
356	374	500	0	555	637	396	566	462	0
0	489	0	559	496	446	577	0	0	443
402	475	555	496	582	568	623	527	0	0
0	0	637	446	568	451	0	0	0	0
516	424	396	577	623	0	629	504	424	627
0	585	566	0	527	0	504	658	393	479
444	600	462	0	0	0	424	393	538	562
350	447	0	443	0	0	627	479	562	391
