10

120	48	164	143	257	112	149	45	102	279
48	78	132	98	177	148	258	190	250	39
164	132	203	132	209	24	38	176	172	190
143	98	132	222	20	184	106	73	177	109
257	177	209	20	25	281	90	92	58	205
112	148	24	184	281	55	123	52	148	105
149	258	38	106	90	123	103	106	185	163
45	190	176	73	92	52	106	165	81	77
102	250	172	177	58	148	185	81	243	213
279	39	190	109	205	105	163	77	213	271
