10

753	361	0	199	236	440	381	298	282	0
361	425	231	0	0	0	593	0	621	737
0	231	0	796	0	0	0	383	0	0
199	0	796	0	0	0	301	588	0	0
236	0	0	0	561	434	785	516	339	409
440	0	0	0	434	631	0	543	706	0
381	593	0	301	785	0	548	753	766	158
298	0	383	588	516	543	753	305	0	253
282	621	0	0	339	706	766	0	0	0
0	737	0	0	409	0	158	253	0	0
