10

54	93	103	57	128	161	147	110	132	152
93	132	122	149	155	105	32	164	114	116
103	122	71	141	155	120	164	114	97	160
57	149	141	163	30	22	134	128	142	39
128	155	155	30	48	142	142	88	30	142
161	105	120	22	142	39	109	15	95	30
147	32	164	134	142	109	97	78	177	48
110	164	114	128	88	15	78	114	156	49
132	114	97	142	30	95	177	156	36	35
152	116	160	39	142	30	48	49	35	102
