10

840	0	0	0	0	704	0	0	0	0
0	865	836	0	0	0	835	719	0	0
0	836	0	659	890	776	0	0	0	815
0	0	659	0	0	0	648	0	0	0
0	0	890	0	707	0	0	0	745	623
704	0	776	0	0	677	809	0	0	660
0	835	0	648	0	809	654	778	862	620
0	719	0	0	0	0	778	961	715	0
0	0	0	0	745	0	862	715	0	685
0	0	815	0	623	660	620	0	685	0
