10

386	628	848	744	826	369	785	772	910	691
628	901	533	629	731	380	362	381	838	346
848	533	370	691	867	892	451	794	846	643
744	629	691	412	910	333	823	508	702	865
826	731	867	910	437	367	912	622	412	841
369	380	892	333	367	920	493	738	444	874
785	362	451	823	912	493	813	711	428	684
772	381	794	508	622	738	711	424	491	494
910	838	846	702	412	444	428	491	787	620
691	346	643	865	841	874	684	494	620	816
