10

686	659	398	0	0	0	421	0	588	550
659	648	623	675	313	422	663	0	317	0
398	623	445	406	759	658	546	0	604	389
0	675	406	402	400	0	561	685	0	436
0	313	759	400	544	637	0	754	368	0
0	422	658	0	637	631	0	734	473	705
421	663	546	561	0	0	356	446	369	646
0	0	0	685	754	734	446	0	637	646
588	317	604	0	368	473	369	637	499	724
550	0	389	436	0	705	646	646	724	315
