10

545	545	418	568	506	467	435	435	590	435
545	489	405	431	492	577	462	415	551	529
418	405	492	535	408	476	445	545	511	480
568	431	535	492	523	480	476	545	494	491
506	492	408	523	454	496	482	587	407	538
467	577	476	480	496	519	535	550	428	408
435	462	445	476	482	535	567	535	534	517
435	415	545	545	587	550	535	529	453	573
590	551	511	494	407	428	534	453	592	428
435	529	480	491	538	408	517	573	428	543
