10

148	536	222	499	540	458	650	401	250	262
536	439	104	397	456	127	177	457	226	523
222	104	561	141	664	361	673	221	159	169
499	397	141	521	106	375	554	381	645	136
540	456	664	106	233	552	481	310	407	325
458	127	361	375	552	396	387	194	231	288
650	177	673	554	481	387	326	178	638	378
401	457	221	381	310	194	178	315	280	234
250	226	159	645	407	231	638	280	508	554
262	523	169	136	325	288	378	234	554	253
