10

598	525	619	606	252	164	651	594	381	180
525	437	640	306	331	549	261	172	659	291
619	640	208	373	391	316	223	592	456	238
606	306	373	609	183	232	604	269	329	237
252	331	391	183	272	306	242	401	651	161
164	549	316	232	306	193	278	579	370	609
651	261	223	604	242	278	200	246	183	572
594	172	592	269	401	579	246	470	523	652
381	659	456	329	651	370	183	523	304	232
180	291	238	237	161	609	572	652	232	596
