10

477	478	0	332	397	0	323	441	0	484
478	0	316	424	315	344	383	0	0	478
0	316	344	340	0	456	353	445	404	0
332	424	340	380	388	411	372	448	382	313
397	315	0	388	476	403	0	432	355	441
0	344	456	411	403	470	430	385	413	435
323	383	353	372	0	430	0	332	348	374
441	0	445	448	432	385	332	326	0	330
0	0	404	382	355	413	348	0	335	446
484	478	0	313	441	435	374	330	446	0
