10

0	169	172	0	170	0	0	0	0	168
169	172	0	0	0	0	0	168	169	169
172	0	0	0	0	0	0	173	0	0
0	0	0	0	170	0	0	169	173	169
170	0	0	170	172	170	170	171	168	0
0	0	0	0	170	169	0	171	169	0
0	0	0	0	170	0	168	173	0	0
0	168	173	169	171	171	173	0	0	0
0	169	0	173	168	169	0	0	0	0
168	169	0	169	0	0	0	0	0	0
