10

838	847	855	900	848	0	0	0	906	881
847	0	879	0	869	898	0	0	0	0
855	879	0	900	0	894	873	858	0	899
900	0	900	891	0	840	0	0	0	860
848	869	0	0	0	0	0	892	0	835
0	898	894	840	0	0	842	874	850	861
0	0	873	0	0	842	0	0	0	846
0	0	858	0	892	874	0	0	865	898
906	0	0	0	0	850	0	865	903	0
881	0	899	860	835	861	846	898	0	896
