10

408	513	253	284	389	297	338	424	456	483
513	405	531	355	531	523	541	290	473	481
253	531	338	285	538	378	252	373	485	487
284	355	285	517	306	345	543	323	363	464
389	531	538	306	303	292	274	255	288	434
297	523	378	345	292	468	242	307	360	389
338	541	252	543	274	242	480	452	542	396
424	290	373	323	255	307	452	526	338	370
456	473	485	363	288	360	542	338	311	384
483	481	487	464	434	389	396	370	384	500
