10

0	914	924	0	744	759	0	941	0	943
914	938	875	818	774	855	948	0	0	797
924	875	749	868	839	0	888	737	882	822
0	818	868	857	936	932	847	0	959	769
744	774	839	936	747	852	844	0	0	0
759	855	0	932	852	927	0	0	942	0
0	948	888	847	844	0	0	827	879	868
941	0	737	0	0	0	827	785	739	843
0	0	882	959	0	942	879	739	928	903
943	797	822	769	0	0	868	843	903	776
