10

222	459	546	318	542	235	539	582	242	289
459	260	23	171	192	299	421	453	54	568
546	23	98	75	524	542	74	445	516	518
318	171	75	101	470	348	518	482	319	158
542	192	524	470	336	51	500	83	98	170
235	299	542	348	51	271	563	405	346	513
539	421	74	518	500	563	329	336	140	525
582	453	445	482	83	405	336	84	585	106
242	54	516	319	98	346	140	585	20	402
289	568	518	158	170	513	525	106	402	385
