10

294	581	279	353	531	509	595	431	565	293
581	588	589	348	575	501	429	351	532	299
279	589	397	293	478	324	391	555	361	271
353	348	293	365	290	543	518	559	445	300
531	575	478	290	602	468	284	496	503	586
509	501	324	543	468	573	549	264	467	347
595	429	391	518	284	549	405	392	546	503
431	351	555	559	496	264	392	468	572	261
565	532	361	445	503	467	546	572	467	512
293	299	271	300	586	347	503	261	512	275
