10

0	0	265	0	0	506	594	0	631	668
0	0	0	0	864	611	460	272	0	729
265	0	0	725	0	530	828	0	938	891
0	0	725	0	437	0	240	0	653	523
0	864	0	437	875	0	878	530	490	502
506	611	530	0	0	0	654	0	0	0
594	460	828	240	878	654	333	0	867	411
0	272	0	0	530	0	0	842	835	693
631	0	938	653	490	0	867	835	519	0
668	729	891	523	502	0	411	693	0	864
