10

311	535	347	353	334	203	478	391	423	480
535	527	274	390	462	412	202	493	468	400
347	274	438	519	389	242	534	277	238	195
353	390	519	526	399	265	335	504	395	200
334	462	389	399	520	320	233	320	534	493
203	412	242	265	320	481	464	472	425	195
478	202	534	335	233	464	197	227	267	485
391	493	277	504	320	472	227	423	267	300
423	468	238	395	534	425	267	267	220	325
480	400	195	200	493	195	485	300	325	428
