10

676	0	0	689	0	731	0	770	0	0
0	0	721	636	763	682	0	722	0	0
0	721	0	679	690	0	0	707	703	707
689	636	679	697	0	0	0	0	711	0
0	763	690	0	763	767	0	747	0	0
731	682	0	0	767	761	688	0	662	0
0	0	0	0	0	688	658	731	0	0
770	722	707	0	747	0	731	781	0	0
0	0	703	711	0	662	0	0	0	0
0	0	707	0	0	0	0	0	0	0
