10

156	89	100	103	163	122	139	89	87	144
89	104	89	91	154	99	152	150	106	95
100	89	93	107	162	87	156	98	139	139
103	91	107	121	135	140	100	151	160	150
163	154	162	135	108	107	92	146	89	108
122	99	87	140	107	115	115	148	155	123
139	152	156	100	92	115	124	128	153	139
89	150	98	151	146	148	128	135	158	150
87	106	139	160	89	155	153	158	122	88
144	95	139	150	108	123	139	150	88	91
