10

328	339	307	352	315	300	340	352	349	299
339	315	348	309	351	332	303	327	331	298
307	348	317	328	306	337	320	298	314	313
352	309	328	352	340	313	347	299	335	310
315	351	306	340	304	316	312	339	350	350
300	332	337	313	316	334	348	345	301	322
340	303	320	347	312	348	309	319	348	315
352	327	298	299	339	345	319	305	321	321
349	331	314	335	350	301	348	321	297	297
299	298	313	310	350	322	315	321	297	334
