10

555	638	601	576	574	571	627	643	632	619
638	603	607	631	607	634	595	622	588	555
601	607	605	636	599	571	555	607	592	562
576	631	636	560	572	553	563	622	591	634
574	607	599	572	551	605	604	611	625	595
571	634	571	553	605	625	571	616	609	634
627	595	555	563	604	571	638	569	604	577
643	622	607	622	611	616	569	565	572	584
632	588	592	591	625	609	604	572	575	554
619	555	562	634	595	634	577	584	554	584
