10

426	556	603	455	619	565	521	420	543	490
556	481	597	448	597	518	513	416	469	543
603	597	428	535	573	445	474	556	602	541
455	448	535	596	614	456	474	466	450	574
619	597	573	614	520	570	595	547	513	449
565	518	445	456	570	521	597	514	428	528
521	513	474	474	595	597	431	609	546	445
420	416	556	466	547	514	609	600	423	550
543	469	602	450	513	428	546	423	484	499
490	543	541	574	449	528	445	550	499	535
