10

0	786	806	810	0	0	738	0	737	0
786	820	0	798	794	0	770	751	0	0
806	0	783	0	752	0	765	0	0	790
810	798	0	789	0	0	756	0	0	0
0	794	752	0	0	797	772	0	778	0
0	0	0	0	797	821	772	0	748	0
738	770	765	756	772	772	798	0	766	756
0	751	0	0	0	0	0	0	766	771
737	0	0	0	778	748	766	766	0	746
0	0	790	0	0	0	756	771	746	802
