10

98	131	123	122	56	107	68	79	0	95
131	76	81	0	0	61	0	92	0	0
123	81	96	68	60	67	54	0	127	142
122	0	68	122	0	77	0	57	0	124
56	0	60	0	0	85	77	53	122	140
107	61	67	77	85	114	84	69	142	133
68	0	54	0	77	84	106	0	0	0
79	92	0	57	53	69	0	0	83	108
0	0	127	0	122	142	0	83	88	0
95	0	142	124	140	133	0	108	0	97
