10

769	721	744	772	724	740	778	726	773	763
721	757	790	749	753	733	726	764	753	786
744	790	795	779	726	791	745	787	781	711
772	749	779	724	719	740	722	777	717	729
724	753	726	719	721	791	728	787	721	737
740	733	791	740	791	728	794	739	716	718
778	726	745	722	728	794	745	711	757	742
726	764	787	777	787	739	711	759	738	714
773	753	781	717	721	716	757	738	791	750
763	786	711	729	737	718	742	714	750	771
