10

150	153	145	153	157	153	154	136	136	164
153	143	150	150	154	142	152	155	153	150
145	150	136	147	141	148	159	157	159	162
153	150	147	139	165	140	135	138	154	136
157	154	141	165	143	144	135	161	141	159
153	142	148	140	144	136	154	134	163	142
154	152	159	135	135	154	141	160	165	154
136	155	157	138	161	134	160	138	159	140
136	153	159	154	141	163	165	159	140	136
164	150	162	136	159	142	154	140	136	142
