10

468	669	484	673	740	848	908	467	0	0
669	890	0	555	600	0	673	426	845	524
484	0	0	0	0	915	711	875	875	677
673	555	0	0	833	607	779	0	472	0
740	600	0	833	894	0	674	0	805	824
848	0	915	607	0	0	753	825	0	0
908	673	711	779	674	753	866	0	423	445
467	426	875	0	0	825	0	0	0	623
0	845	875	472	805	0	423	0	0	0
0	524	677	0	824	0	445	623	0	0
