10

75	134	330	170	282	217	309	57	109	282
134	29	95	12	239	69	274	207	256	266
330	95	58	324	224	288	74	219	113	240
170	12	324	316	148	170	149	25	47	160
282	239	224	148	121	287	18	202	71	122
217	69	288	170	287	209	310	213	326	52
309	274	74	149	18	310	75	74	181	226
57	207	219	25	202	213	74	47	275	326
109	256	113	47	71	326	181	275	220	200
282	266	240	160	122	52	226	326	200	330
