10

36	0	41	39	41	0	39	0	42	0
0	43	38	0	37	0	44	39	41	40
41	38	37	0	0	0	36	0	0	42
39	0	0	0	41	36	0	40	0	43
41	37	0	41	0	39	0	43	0	38
0	0	0	36	39	37	0	37	42	0
39	44	36	0	0	0	0	44	0	42
0	39	0	40	43	37	44	0	0	41
42	41	0	0	0	42	0	0	36	44
0	40	42	43	38	0	42	41	44	0
