10

268	92	197	476	326	482	392	295	116	429
92	298	370	558	597	235	435	362	558	269
197	370	245	491	481	355	544	193	545	124
476	558	491	66	525	492	304	168	463	33
326	597	481	525	379	386	604	136	289	602
482	235	355	492	386	111	363	601	354	604
392	435	544	304	604	363	293	225	287	285
295	362	193	168	136	601	225	449	253	396
116	558	545	463	289	354	287	253	567	561
429	269	124	33	602	604	285	396	561	227
