10

53	31	63	102	72	58	122	59	70	44
31	30	55	128	21	66	24	108	95	117
63	55	81	80	59	73	107	84	50	51
102	128	80	42	125	76	71	47	51	132
72	21	59	125	72	117	100	132	116	30
58	66	73	76	117	109	117	109	109	96
122	24	107	71	100	117	111	112	110	59
59	108	84	47	132	109	112	129	109	68
70	95	50	51	116	109	110	109	68	81
44	117	51	132	30	96	59	68	81	22
