10

563	590	741	845	486	448	509	770	494	846
590	845	642	547	555	834	460	602	727	525
741	642	638	817	742	467	853	660	851	741
845	547	817	649	437	470	557	450	568	539
486	555	742	437	613	767	485	624	813	781
448	834	467	470	767	466	699	759	707	808
509	460	853	557	485	699	587	748	752	658
770	602	660	450	624	759	748	706	722	446
494	727	851	568	813	707	752	722	817	694
846	525	741	539	781	808	658	446	694	749
