10

239	261	110	191	84	311	388	151	218	162
261	288	238	348	346	104	227	290	97	129
110	238	116	387	288	162	390	304	267	265
191	348	387	136	199	352	243	373	155	144
84	346	288	199	315	220	381	247	307	344
311	104	162	352	220	211	124	344	302	169
388	227	390	243	381	124	231	398	335	151
151	290	304	373	247	344	398	195	263	67
218	97	267	155	307	302	335	263	221	396
162	129	265	144	344	169	151	67	396	357
