10

56	50	25	54	32	22	44	30	21	58
50	12	13	37	11	25	46	13	44	37
25	13	30	32	52	27	12	39	20	56
54	37	32	54	17	11	27	15	22	22
32	11	52	17	49	32	31	33	33	27
22	25	27	11	32	46	31	19	25	41
44	46	12	27	31	31	55	28	17	52
30	13	39	15	33	19	28	46	48	53
21	44	20	22	33	25	17	48	22	40
58	37	56	22	27	41	52	53	40	58
