10

297	426	274	419	339	370	394	300	350	312
426	352	342	332	296	234	306	256	333	359
274	342	390	317	386	249	327	266	395	303
419	332	317	239	291	326	334	273	324	407
339	296	386	291	376	307	299	297	310	233
370	234	249	326	307	232	394	381	387	373
394	306	327	334	299	394	274	353	290	394
300	256	266	273	297	381	353	243	422	411
350	333	395	324	310	387	290	422	281	433
312	359	303	407	233	373	394	411	433	376
