10

369	384	351	0	381	0	0	0	383	0
384	359	346	0	0	340	0	371	368	358
351	346	333	368	353	368	0	0	0	360
0	0	368	0	345	344	338	376	0	363
381	0	353	345	366	0	344	357	350	0
0	340	368	344	0	0	360	0	356	373
0	0	0	338	344	360	329	355	386	365
0	371	0	376	357	0	355	0	363	367
383	368	0	0	350	356	386	363	0	376
0	358	360	363	0	373	365	367	376	0
