10

899	853	0	938	0	0	0	0	0	828
853	887	832	773	0	0	839	761	0	0
0	832	813	950	0	842	758	848	877	0
938	773	950	790	903	857	0	0	792	934
0	0	0	903	869	0	0	842	830	904
0	0	842	857	0	923	819	0	0	873
0	839	758	0	0	819	0	776	0	819
0	761	848	0	842	0	776	0	890	0
0	0	877	792	830	0	0	890	887	890
828	0	0	934	904	873	819	0	890	859
