10

382	0	372	0	0	0	0	0	0	419
0	398	470	413	0	370	416	364	0	0
372	470	0	0	420	0	395	0	0	445
0	413	0	0	0	0	450	453	0	408
0	0	420	0	0	0	423	0	0	0
0	370	0	0	0	0	0	385	364	0
0	416	395	450	423	0	0	0	469	430
0	364	0	453	0	385	0	398	456	0
0	0	0	0	0	364	469	456	0	0
419	0	445	408	0	0	430	0	0	451
