10

0	416	628	481	556	0	0	341	387	0
416	360	0	0	542	618	435	331	486	0
628	0	436	458	0	0	0	0	0	593
481	0	458	0	433	546	469	620	594	562
556	542	0	433	466	0	460	0	379	474
0	618	0	546	0	467	339	348	380	582
0	435	0	469	460	339	640	0	597	517
341	331	0	620	0	348	0	504	485	647
387	486	0	594	379	380	597	485	567	577
0	0	593	562	474	582	517	647	577	557
