10

473	448	555	491	537	288	283	508	378	307
448	535	426	456	517	465	455	476	323	408
555	426	421	547	378	329	390	538	497	566
491	456	547	533	263	315	530	452	405	498
537	517	378	263	472	434	278	368	338	369
288	465	329	315	434	495	446	487	423	408
283	455	390	530	278	446	320	336	419	331
508	476	538	452	368	487	336	508	371	505
378	323	497	405	338	423	419	371	356	560
307	408	566	498	369	408	331	505	560	341
