10

275	279	269	267	274	272	271	269	277	278
279	270	270	264	262	265	279	268	263	278
269	270	275	271	270	279	280	264	280	278
267	264	271	262	280	264	278	275	279	266
274	262	270	280	274	263	266	278	263	278
272	265	279	264	263	269	280	279	262	274
271	279	280	278	266	280	271	279	278	275
269	268	264	275	278	279	279	279	274	268
277	263	280	279	263	262	278	274	269	270
278	278	278	266	278	274	275	268	270	269
