10

324	415	235	255	393	316	179	164	267	163
415	298	279	376	230	305	183	352	259	410
235	279	170	326	169	131	334	230	406	191
255	376	326	164	153	265	279	286	305	158
393	230	169	153	370	301	262	306	250	249
316	305	131	265	301	219	157	193	266	255
179	183	334	279	262	157	366	321	303	190
164	352	230	286	306	193	321	279	303	347
267	259	406	305	250	266	303	303	158	321
163	410	191	158	249	255	190	347	321	390
