10

590	530	604	376	492	434	435	434	468	387
530	486	606	424	573	514	423	447	457	466
604	606	590	548	615	618	575	608	435	575
376	424	548	557	615	442	391	525	392	438
492	573	615	615	605	420	463	621	548	567
434	514	618	442	420	487	520	565	432	455
435	423	575	391	463	520	408	552	514	542
434	447	608	525	621	565	552	587	509	612
468	457	435	392	548	432	514	509	520	562
387	466	575	438	567	455	542	612	562	449
