10

284	290	283	283	277	278	268	258	286	276
290	268	287	275	278	266	276	264	265	292
283	287	269	285	277	282	287	266	267	293
283	275	285	289	267	266	280	274	283	283
277	278	277	267	288	274	274	264	287	266
278	266	282	266	274	289	258	266	293	266
268	276	287	280	274	258	264	260	293	295
258	264	266	274	264	266	260	288	275	279
286	265	267	283	287	293	293	275	266	284
276	292	293	283	266	266	295	279	284	258
