10

856	802	877	876	889	814	827	931	879	905
802	869	842	861	850	848	880	794	915	917
877	842	914	826	909	860	898	849	929	819
876	861	826	914	882	804	897	851	824	864
889	850	909	882	878	937	939	826	938	809
814	848	860	804	937	898	856	919	924	840
827	880	898	897	939	856	942	825	842	885
931	794	849	851	826	919	825	936	861	825
879	915	929	824	938	924	842	861	897	925
905	917	819	864	809	840	885	825	925	893
