10

264	193	223	0	0	283	290	216	246	336
193	167	316	180	326	247	0	271	160	360
223	316	268	0	187	167	246	202	296	328
0	180	0	253	359	268	139	318	0	205
0	326	187	359	176	306	227	296	200	325
283	247	167	268	306	207	257	0	251	293
290	0	246	139	227	257	353	171	202	284
216	271	202	318	296	0	171	348	242	167
246	160	296	0	200	251	202	242	0	0
336	360	328	205	325	293	284	167	0	147
