10

0	0	244	0	131	292	121	417	287	167
0	0	314	0	0	438	119	157	0	243
244	314	0	116	154	351	305	348	231	0
0	0	116	141	120	444	0	0	0	0
131	0	154	120	390	0	0	0	291	140
292	438	351	444	0	0	0	165	156	0
121	119	305	0	0	0	314	0	276	0
417	157	348	0	0	165	0	0	0	0
287	0	231	0	291	156	276	0	105	0
167	243	0	0	140	0	0	0	0	0
