10

153	254	131	301	266	73	185	254	261	229
254	188	142	218	272	94	149	274	133	181
131	142	295	173	249	85	52	62	155	130
301	218	173	279	141	155	294	254	198	140
266	272	249	141	159	214	110	297	253	156
73	94	85	155	214	278	163	48	70	258
185	149	52	294	110	163	49	200	175	307
254	274	62	254	297	48	200	174	258	260
261	133	155	198	253	70	175	258	245	99
229	181	130	140	156	258	307	260	99	169
