10

317	251	236	316	217	237	314	284	220	226
251	240	243	280	325	350	354	216	259	292
236	243	289	240	228	296	244	279	349	344
316	280	240	258	323	223	220	215	297	278
217	325	228	323	342	300	351	330	305	322
237	350	296	223	300	321	246	353	210	213
314	354	244	220	351	246	265	236	224	219
284	216	279	215	330	353	236	266	249	280
220	259	349	297	305	210	224	249	318	256
226	292	344	278	322	213	219	280	256	275
