10

729	818	765	816	795	727	749	813	824	803
818	790	738	800	816	781	798	768	732	745
765	738	819	777	753	818	814	803	811	770
816	800	777	755	766	736	815	802	819	775
795	816	753	766	753	775	794	800	811	793
727	781	818	736	775	828	800	789	763	779
749	798	814	815	794	800	751	726	821	790
813	768	803	802	800	789	726	726	726	821
824	732	811	819	811	763	821	726	753	824
803	745	770	775	793	779	790	821	824	808
