10

747	668	779	656	686	688	766	703	690	685
668	707	731	603	601	600	700	742	725	732
779	731	687	675	702	752	760	737	709	709
656	603	675	759	642	724	691	730	602	729
686	601	702	642	675	692	700	608	732	633
688	600	752	724	692	644	611	656	606	755
766	700	760	691	700	611	740	743	737	694
703	742	737	730	608	656	743	718	770	724
690	725	709	602	732	606	737	770	638	620
685	732	709	729	633	755	694	724	620	752
