10

503	595	610	606	492	450	556	512	442	498
595	561	427	597	511	555	613	587	538	471
610	427	522	638	540	396	385	393	437	569
606	597	638	464	610	585	579	413	414	411
492	511	540	610	609	491	492	422	555	528
450	555	396	585	491	467	473	519	538	422
556	613	385	579	492	473	443	559	513	584
512	587	393	413	422	519	559	445	539	641
442	538	437	414	555	538	513	539	596	450
498	471	569	411	528	422	584	641	450	603
