10

183	299	217	329	339	271	252	303	303	329
299	271	226	323	219	284	318	297	326	261
217	226	209	337	237	223	181	188	235	178
329	323	337	224	278	350	182	279	247	179
339	219	237	278	202	258	297	325	307	303
271	284	223	350	258	251	239	327	324	205
252	318	181	182	297	239	241	206	330	237
303	297	188	279	325	327	206	180	259	254
303	326	235	247	307	324	330	259	334	184
329	261	178	179	303	205	237	254	184	303
