10

345	363	821	145	343	340	595	485	596	464
363	566	362	703	392	200	664	332	121	662
821	362	106	446	437	604	274	269	254	586
145	703	446	773	312	468	231	162	380	444
343	392	437	312	183	181	533	341	796	365
340	200	604	468	181	331	577	812	523	863
595	664	274	231	533	577	157	409	436	213
485	332	269	162	341	812	409	706	525	615
596	121	254	380	796	523	436	525	397	590
464	662	586	444	365	863	213	615	590	807
