10

799	717	871	706	766	779	904	822	854	791
717	797	840	908	752	795	748	826	868	716
871	840	833	859	787	741	854	713	701	893
706	908	859	747	896	815	787	893	854	710
766	752	787	896	865	701	878	775	716	845
779	795	741	815	701	899	876	877	751	709
904	748	854	787	878	876	779	832	704	902
822	826	713	893	775	877	832	832	847	798
854	868	701	854	716	751	704	847	829	888
791	716	893	710	845	709	902	798	888	855
