10

714	703	708	678	678	804	706	650	737	805
703	636	674	642	619	684	607	622	757	788
708	674	648	656	687	609	646	726	731	684
678	642	656	707	677	813	650	667	723	754
678	619	687	677	743	624	683	654	739	633
804	684	609	813	624	719	774	658	624	634
706	607	646	650	683	774	811	679	613	644
650	622	726	667	654	658	679	751	702	786
737	757	731	723	739	624	613	702	600	658
805	788	684	754	633	634	644	786	658	624
