10

936	776	378	605	962	521	393	317	727	412
776	549	483	795	873	684	926	647	558	567
378	483	570	677	902	737	381	303	520	827
605	795	677	559	881	526	297	471	492	916
962	873	902	881	650	497	305	910	708	892
521	684	737	526	497	603	377	623	644	456
393	926	381	297	305	377	709	563	837	465
317	647	303	471	910	623	563	497	561	878
727	558	520	492	708	644	837	561	402	715
412	567	827	916	892	456	465	878	715	423
