10

0	0	213	0	234	170	202	0	275	0
0	269	193	302	0	0	248	179	258	0
213	193	268	0	278	229	0	0	235	0
0	302	0	0	0	0	0	165	164	0
234	0	278	0	0	179	157	168	0	0
170	0	229	0	179	0	261	173	265	295
202	248	0	0	157	261	262	0	179	0
0	179	0	165	168	173	0	222	254	295
275	258	235	164	0	265	179	254	0	305
0	0	0	0	0	295	0	295	305	0
