10

0	159	0	157	0	0	0	0	226	185
159	0	122	0	0	186	128	0	204	0
0	122	0	224	0	172	235	0	0	220
157	0	224	130	188	0	0	205	0	172
0	0	0	188	0	143	131	243	139	242
0	186	172	0	143	0	132	0	0	0
0	128	235	0	131	132	0	0	0	218
0	0	0	205	243	0	0	206	0	0
226	204	0	0	139	0	0	0	129	0
185	0	220	172	242	0	218	0	0	0
