10

212	193	140	175	201	193	177	117	135	166
193	119	228	165	241	230	158	126	216	140
140	228	212	127	238	121	223	221	155	115
175	165	127	186	133	218	183	210	129	222
201	241	238	133	118	134	192	179	186	203
193	230	121	218	134	148	205	193	242	157
177	158	223	183	192	205	242	164	174	122
117	126	221	210	179	193	164	140	224	156
135	216	155	129	186	242	174	224	211	185
166	140	115	222	203	157	122	156	185	192
