10

568	530	740	584	696	764	600	579	670	700
530	683	692	583	729	767	622	551	741	615
740	692	753	597	696	639	728	559	725	656
584	583	597	558	756	645	681	762	561	537
696	729	696	756	589	738	612	519	677	519
764	767	639	645	738	681	720	769	560	565
600	622	728	681	612	720	756	653	625	526
579	551	559	762	519	769	653	661	620	634
670	741	725	561	677	560	625	620	759	746
700	615	656	537	519	565	526	634	746	737
