10

213	142	232	286	138	319	223	115	270	165
142	49	172	33	310	213	311	214	54	27
232	172	212	318	170	311	283	327	19	65
286	33	318	126	131	189	161	100	43	152
138	310	170	131	245	292	105	171	48	192
319	213	311	189	292	235	119	337	175	287
223	311	283	161	105	119	104	107	168	94
115	214	327	100	171	337	107	191	318	168
270	54	19	43	48	175	168	318	233	181
165	27	65	152	192	287	94	168	181	277
