10

755	746	862	0	662	723	841	735	0	0
746	859	617	799	0	0	572	0	715	0
862	617	0	0	679	595	0	0	789	815
0	799	0	629	783	0	0	0	0	600
662	0	679	783	718	0	720	874	741	0
723	0	595	0	0	0	0	641	660	652
841	572	0	0	720	0	626	657	780	0
735	0	0	0	874	641	657	816	769	0
0	715	789	0	741	660	780	769	591	0
0	0	815	600	0	652	0	0	0	632
