10

183	0	142	150	0	157	174	126	165	165
0	201	178	129	131	179	0	131	0	170
142	178	114	175	191	0	140	0	0	181
150	129	175	172	172	0	123	190	119	146
0	131	191	172	0	194	181	0	199	204
157	179	0	0	194	181	184	161	187	146
174	0	140	123	181	184	195	0	0	0
126	131	0	190	0	161	0	0	140	163
165	0	0	119	199	187	0	140	173	163
165	170	181	146	204	146	0	163	163	0
