10

779	761	815	740	774	748	781	864	845	801
761	843	805	850	769	804	777	779	803	811
815	805	776	829	863	838	859	775	813	801
740	850	829	833	797	754	798	867	774	849
774	769	863	797	781	818	802	749	770	752
748	804	838	754	818	758	848	781	800	819
781	777	859	798	802	848	745	784	836	800
864	779	775	867	749	781	784	842	804	772
845	803	813	774	770	800	836	804	772	839
801	811	801	849	752	819	800	772	839	739
