10

294	284	301	273	292	294	303	282	281	293
284	293	282	275	283	283	273	271	287	298
301	282	277	285	283	280	275	287	301	290
273	275	285	292	293	292	294	287	287	303
292	283	283	293	273	277	285	294	274	273
294	283	280	292	277	288	279	296	289	278
303	273	275	294	285	279	290	289	277	279
282	271	287	287	294	296	289	273	286	293
281	287	301	287	274	289	277	286	271	277
293	298	290	303	273	278	279	293	277	298
