10

76	55	88	34	77	159	123	130	56	178
55	149	85	72	126	187	57	85	176	60
88	85	184	72	47	200	92	31	158	170
34	72	72	92	204	48	97	51	132	77
77	126	47	204	110	190	91	66	150	127
159	187	200	48	190	54	77	74	73	149
123	57	92	97	91	77	143	67	146	39
130	85	31	51	66	74	67	69	172	32
56	176	158	132	150	73	146	172	29	137
178	60	170	77	127	149	39	32	137	51
