10

703	383	448	623	633	680	623	644	380	542
383	712	478	393	408	482	676	679	619	424
448	478	445	504	509	401	517	507	556	598
623	393	504	656	388	690	660	551	526	543
633	408	509	388	714	704	391	473	673	684
680	482	401	690	704	657	432	709	711	690
623	676	517	660	391	432	530	540	462	434
644	679	507	551	473	709	540	473	487	634
380	619	556	526	673	711	462	487	727	387
542	424	598	543	684	690	434	634	387	490
