10

649	700	648	645	651	669	632	694	664	709
700	707	669	650	692	647	666	683	688	705
648	669	709	630	633	653	697	706	649	630
645	650	630	638	694	683	636	697	670	685
651	692	633	694	690	638	649	701	664	669
669	647	653	683	638	651	698	659	696	711
632	666	697	636	649	698	669	699	698	685
694	683	706	697	701	659	699	703	659	712
664	688	649	670	664	696	698	659	667	630
709	705	630	685	669	711	685	712	630	648
