10

390	344	446	333	457	415	271	394	196	266
344	327	295	217	458	262	393	310	385	456
446	295	307	421	326	448	391	421	301	381
333	217	421	244	213	208	413	277	436	221
457	458	326	213	412	348	288	258	204	449
415	262	448	208	348	444	242	229	264	278
271	393	391	413	288	242	229	270	446	363
394	310	421	277	258	229	270	322	286	292
196	385	301	436	204	264	446	286	207	192
266	456	381	221	449	278	363	292	192	269
