10

339	606	182	389	713	612	705	0	422	0
606	588	0	764	384	208	0	0	0	0
182	0	0	0	440	311	290	291	0	349
389	764	0	704	0	0	0	510	0	0
713	384	440	0	386	433	736	399	262	673
612	208	311	0	433	0	0	0	575	354
705	0	290	0	736	0	0	314	0	0
0	0	291	510	399	0	314	775	450	0
422	0	0	0	262	575	0	450	584	471
0	0	349	0	673	354	0	0	471	0
