10

595	675	656	606	606	604	688	646	683	649
675	656	635	631	691	593	626	595	646	677
656	635	658	668	638	661	668	645	628	608
606	631	668	608	614	612	665	603	665	672
606	691	638	614	657	615	686	624	606	635
604	593	661	612	615	616	627	675	669	628
688	626	668	665	686	627	683	606	663	614
646	595	645	603	624	675	606	635	638	624
683	646	628	665	606	669	663	638	624	627
649	677	608	672	635	628	614	624	627	692
