10

269	197	225	213	247	42	123	224	222	104
197	170	256	130	146	266	54	55	169	149
225	256	41	104	52	75	75	268	52	110
213	130	104	110	69	45	65	120	101	126
247	146	52	69	63	126	234	80	49	193
42	266	75	45	126	54	61	97	83	123
123	54	75	65	234	61	161	186	248	160
224	55	268	120	80	97	186	235	209	225
222	169	52	101	49	83	248	209	212	133
104	149	110	126	193	123	160	225	133	98
