10

341	315	356	392	381	404	331	374	363	396
315	429	334	445	375	284	371	283	261	298
356	334	259	377	326	268	431	291	311	354
392	445	377	403	279	295	430	303	294	403
381	375	326	279	277	302	401	311	268	267
404	284	268	295	302	261	332	275	355	318
331	371	431	430	401	332	432	360	440	348
374	283	291	303	311	275	360	342	440	286
363	261	311	294	268	355	440	440	377	263
396	298	354	403	267	318	348	286	263	326
