10

180	221	114	252	393	185	302	263	340	231
221	233	374	230	365	408	183	354	380	263
114	374	279	346	131	159	444	305	336	341
252	230	346	334	433	144	283	152	167	345
393	365	131	433	298	297	200	165	434	123
185	408	159	144	297	358	189	341	203	246
302	183	444	283	200	189	251	401	194	228
263	354	305	152	165	341	401	377	324	112
340	380	336	167	434	203	194	324	388	399
231	263	341	345	123	246	228	112	399	288
