10

113	143	131	138	0	0	103	105	0	109
143	0	0	0	0	119	0	105	0	0
131	0	0	0	120	126	0	0	0	0
138	0	0	113	116	0	0	0	0	0
0	0	120	116	0	0	0	101	127	132
0	119	126	0	0	0	0	116	106	0
103	0	0	0	0	0	109	0	0	0
105	105	0	0	101	116	0	0	121	0
0	0	0	0	127	106	0	121	148	116
109	0	0	0	132	0	0	0	116	100
