10

418	283	275	297	264	409	249	362	290	231
283	415	422	281	260	398	413	420	350	240
275	422	348	336	245	324	288	365	416	392
297	281	336	280	420	399	289	233	351	322
264	260	245	420	273	258	290	237	290	265
409	398	324	399	258	308	382	281	295	413
249	413	288	289	290	382	324	266	243	403
362	420	365	233	237	281	266	222	355	251
290	350	416	351	290	295	243	355	371	257
231	240	392	322	265	413	403	251	257	397
