10

43	0	51	52	65	60	66	54	53	58
0	51	61	51	65	45	57	60	56	43
51	61	47	53	57	52	66	56	45	58
52	51	53	60	53	63	43	61	46	63
65	65	57	53	48	53	45	0	59	64
60	45	52	63	53	49	0	58	64	48
66	57	66	43	45	0	52	66	63	59
54	60	56	61	0	58	66	0	59	47
53	56	45	46	59	64	63	59	66	53
58	43	58	63	64	48	59	47	53	45
