10

657	639	652	650	638	648	648	654	640	641
639	633	645	651	630	634	656	630	645	636
652	645	652	637	635	633	638	628	628	630
650	651	637	633	657	651	632	639	640	655
638	630	635	657	642	652	648	651	635	641
648	634	633	651	652	631	651	641	633	637
648	656	638	632	648	651	652	658	653	646
654	630	628	639	651	641	658	637	650	628
640	645	628	640	635	633	653	650	640	654
641	636	630	655	641	637	646	628	654	651
