10

0	0	0	0	0	292	0	0	0	0
0	267	159	0	0	213	0	303	280	335
0	159	0	0	191	0	309	402	0	174
0	0	0	326	415	175	462	0	0	408
0	0	191	415	443	0	0	206	206	0
292	213	0	175	0	236	417	0	149	237
0	0	309	462	0	417	0	0	0	0
0	303	402	0	206	0	0	0	0	0
0	280	0	0	206	149	0	0	0	320
0	335	174	408	0	237	0	0	320	0
