10

713	372	641	696	692	850	395	592	617	520
372	846	444	412	749	851	698	863	419	633
641	444	720	760	468	466	399	403	707	656
696	412	760	492	721	571	552	561	533	691
692	749	468	721	458	570	743	624	518	446
850	851	466	571	570	410	542	576	618	712
395	698	399	552	743	542	464	579	866	583
592	863	403	561	624	576	579	656	386	421
617	419	707	533	518	618	866	386	500	632
520	633	656	691	446	712	583	421	632	471
