10

71	0	77	317	762	518	0	75	0	662
0	348	772	60	570	0	474	137	330	500
77	772	73	89	285	69	0	553	399	549
317	60	89	543	493	230	491	660	109	377
762	570	285	493	667	742	249	457	267	480
518	0	69	230	742	196	548	595	279	584
0	474	0	491	249	548	52	680	53	113
75	137	553	660	457	595	680	706	315	413
0	330	399	109	267	279	53	315	131	554
662	500	549	377	480	584	113	413	554	0
