10

0	965	962	971	0	959	956	967	955	957
965	962	957	0	957	0	969	962	0	0
962	957	956	0	958	0	964	965	971	963
971	0	0	957	971	965	0	956	0	968
0	957	958	971	0	963	956	0	0	964
959	0	0	965	963	969	968	962	971	968
956	969	964	0	956	968	958	0	959	0
967	962	965	956	0	962	0	965	0	0
955	0	971	0	0	971	959	0	958	960
957	0	963	968	964	968	0	0	960	0
