10

384	384	380	329	376	388	342	351	381	381
384	330	360	376	331	369	388	360	387	320
380	360	346	367	339	355	337	370	358	357
329	376	367	339	344	322	376	336	319	328
376	331	339	344	319	341	370	356	388	381
388	369	355	322	341	334	330	382	332	375
342	388	337	376	370	330	335	387	322	358
351	360	370	336	356	382	387	363	373	389
381	387	358	319	388	332	322	373	369	325
381	320	357	328	381	375	358	389	325	372
