10

470	462	444	468	444	444	446	469	462	447
462	443	448	465	445	455	467	469	452	454
444	448	470	444	445	461	468	465	451	461
468	465	444	456	449	461	471	447	459	451
444	445	445	449	470	449	443	451	447	470
444	455	461	461	449	451	453	449	454	452
446	467	468	471	443	453	458	445	447	455
469	469	465	447	451	449	445	456	461	470
462	452	451	459	447	454	447	461	458	470
447	454	461	451	470	452	455	470	470	444
