10

123	28	75	125	36	105	50	145	44	0
28	38	0	0	0	0	50	0	92	76
75	0	22	27	111	48	28	0	0	137
125	0	27	95	93	52	0	53	104	0
36	0	111	93	128	0	95	97	144	136
105	0	48	52	0	96	82	0	63	90
50	50	28	0	95	82	70	0	90	33
145	0	0	53	97	0	0	0	0	121
44	92	0	104	144	63	90	0	47	0
0	76	137	0	136	90	33	121	0	130
