10

772	626	641	707	650	704	805	792	757	721
626	719	629	734	732	714	666	786	623	790
641	629	689	666	805	714	720	775	746	737
707	734	666	667	810	737	751	702	715	655
650	732	805	810	778	670	709	685	821	766
704	714	714	737	670	823	770	709	816	782
805	666	720	751	709	770	657	636	797	675
792	786	775	702	685	709	636	791	677	631
757	623	746	715	821	816	797	677	774	821
721	790	737	655	766	782	675	631	821	757
