10

45	46	17	39	41	21	18	9	36	25
46	12	17	31	20	45	48	20	15	8
17	17	37	11	16	8	48	23	25	47
39	31	11	15	24	43	45	25	43	32
41	20	16	24	30	27	6	13	34	7
21	45	8	43	27	15	9	19	14	20
18	48	48	45	6	9	45	20	18	27
9	20	23	25	13	19	20	43	44	26
36	15	25	43	34	14	18	44	41	21
25	8	47	32	7	20	27	26	21	38
