10

237	320	209	264	276	420	338	351	285	266
320	325	376	292	199	232	317	299	178	254
209	376	218	317	311	416	310	333	412	312
264	292	317	267	286	307	190	204	217	310
276	199	311	286	422	225	317	365	292	228
420	232	416	307	225	375	345	227	411	340
338	317	310	190	317	345	448	350	259	173
351	299	333	204	365	227	350	428	302	327
285	178	412	217	292	411	259	302	302	316
266	254	312	310	228	340	173	327	316	199
