10

287	259	358	402	263	429	250	422	329	426
259	277	291	296	315	352	373	408	432	255
358	291	331	256	422	330	388	415	284	426
402	296	256	303	302	403	419	385	384	291
263	315	422	302	406	445	253	270	265	407
429	352	330	403	445	263	411	284	290	453
250	373	388	419	253	411	360	352	295	257
422	408	415	385	270	284	352	388	393	347
329	432	284	384	265	290	295	393	420	326
426	255	426	291	407	453	257	347	326	418
