10

295	0	0	301	311	312	0	286	0	316
0	0	0	316	294	290	297	0	0	0
0	0	285	316	290	0	0	0	0	299
301	316	316	300	293	288	301	0	0	286
311	294	290	293	0	302	0	315	303	0
312	290	0	288	302	296	302	316	0	310
0	297	0	301	0	302	302	311	313	291
286	0	0	0	315	316	311	0	0	0
0	0	0	0	303	0	313	0	305	304
316	0	299	286	0	310	291	0	304	292
