10

481	425	509	0	450	425	387	514	0	0
425	498	529	0	485	437	513	395	0	392
509	529	408	0	534	332	0	455	525	529
0	0	0	368	390	0	405	511	382	402
450	485	534	390	0	377	446	479	378	408
425	437	332	0	377	477	358	354	479	358
387	513	0	405	446	358	474	350	0	505
514	395	455	511	479	354	350	409	449	447
0	0	525	382	378	479	0	449	486	502
0	392	529	402	408	358	505	447	502	363
