10

468	613	258	461	514	0	653	275	0	0
613	0	683	400	566	0	424	0	428	605
258	683	0	248	0	688	581	712	697	0
461	400	248	279	342	0	0	630	655	249
514	566	0	342	0	255	0	462	680	0
0	0	688	0	255	0	352	584	0	398
653	424	581	0	0	352	475	0	568	0
275	0	712	630	462	584	0	535	484	476
0	428	697	655	680	0	568	484	307	356
0	605	0	249	0	398	0	476	356	0
