10

723	506	669	872	509	709	828	645	740	867
506	580	815	561	553	892	886	722	529	420
669	815	846	888	440	711	543	517	473	520
872	561	888	589	505	868	592	595	833	599
509	553	440	505	859	619	441	468	755	676
709	892	711	868	619	436	462	416	495	591
828	886	543	592	441	462	831	566	873	866
645	722	517	595	468	416	566	728	580	781
740	529	473	833	755	495	873	580	831	563
867	420	520	599	676	591	866	781	563	561
