10

0	196	365	0	418	155	201	0	0	324
196	0	224	131	0	185	0	0	245	322
365	224	149	186	132	119	232	234	0	201
0	131	186	0	191	0	328	216	134	418
418	0	132	191	0	232	435	256	278	322
155	185	119	0	232	234	170	108	230	0
201	0	232	328	435	170	307	229	216	260
0	0	234	216	256	108	229	315	212	293
0	245	0	134	278	230	216	212	0	395
324	322	201	418	322	0	260	293	395	170
