10

118	0	60	60	70	0	72	66	78	72
0	110	114	124	81	117	0	113	121	119
60	114	97	65	0	0	97	83	0	88
60	124	65	122	76	103	108	0	0	67
70	81	0	76	0	0	89	76	78	114
0	117	0	103	0	67	0	124	101	0
72	0	97	108	89	0	74	106	72	104
66	113	83	0	76	124	106	73	94	120
78	121	0	0	78	101	72	94	0	123
72	119	88	67	114	0	104	120	123	58
