10

517	456	0	258	0	0	0	0	235	524
456	499	356	0	535	252	290	0	0	532
0	356	0	340	432	0	533	321	273	334
258	0	340	218	213	0	280	0	518	0
0	535	432	213	283	506	464	0	444	202
0	252	0	0	506	294	0	0	329	266
0	290	533	280	464	0	250	457	299	0
0	0	321	0	0	0	457	283	331	448
235	0	273	518	444	329	299	331	482	391
524	532	334	0	202	266	0	448	391	0
