10

409	405	406	0	377	304	0	398	420	284
405	329	0	270	402	239	377	364	366	0
406	0	370	322	388	242	0	379	328	250
0	270	322	305	0	0	404	363	251	302
377	402	388	0	354	348	0	0	367	246
304	239	242	0	348	266	394	289	355	284
0	377	0	404	0	394	393	0	326	0
398	364	379	363	0	289	0	0	323	271
420	366	328	251	367	355	326	323	304	0
284	0	250	302	246	284	0	271	0	412
