10

52	51	135	77	215	124	79	205	179	201
51	30	154	188	59	194	90	127	65	161
135	154	81	109	55	59	89	108	39	105
77	188	109	118	96	219	30	141	33	68
215	59	55	96	31	117	61	116	42	151
124	194	59	219	117	113	105	189	168	146
79	90	89	30	61	105	38	124	125	44
205	127	108	141	116	189	124	19	207	14
179	65	39	33	42	168	125	207	218	24
201	161	105	68	151	146	44	14	24	114
