10

596	633	592	630	574	648	577	596	598	0
633	0	0	0	580	0	615	633	647	629
592	0	629	0	589	0	619	593	0	578
630	0	0	628	604	652	605	644	0	593
574	580	589	604	573	622	574	0	594	0
648	0	0	652	622	0	0	0	609	0
577	615	619	605	574	0	624	0	603	649
596	633	593	644	0	0	0	574	606	0
598	647	0	0	594	609	603	606	604	621
0	629	578	593	0	0	649	0	621	563
