10

167	181	0	169	0	179	181	163	172	0
181	186	0	0	198	0	0	184	198	0
0	0	0	165	181	174	0	170	171	183
169	0	165	169	170	183	0	0	0	197
0	198	181	170	0	0	0	0	168	189
179	0	174	183	0	186	0	0	172	189
181	0	0	0	0	0	179	169	163	198
163	184	170	0	0	0	169	0	181	172
172	198	171	0	168	172	163	181	192	167
0	0	183	197	189	189	198	172	167	179
