10

395	345	570	626	487	450	504	391	518	586
345	361	334	360	476	480	482	544	450	582
570	334	400	464	629	401	461	617	434	419
626	360	464	534	462	340	453	629	514	377
487	476	629	462	578	378	360	530	629	325
450	480	401	340	378	489	629	622	487	497
504	482	461	453	360	629	632	571	612	438
391	544	617	629	530	622	571	335	357	419
518	450	434	514	629	487	612	357	538	480
586	582	419	377	325	497	438	419	480	519
