10

669	560	316	509	571	289	616	350	648	155
560	493	412	499	406	231	641	578	83	572
316	412	492	267	191	309	344	477	510	560
509	499	267	116	652	386	153	636	142	143
571	406	191	652	331	438	474	304	178	93
289	231	309	386	438	440	635	373	230	660
616	641	344	153	474	635	381	652	518	618
350	578	477	636	304	373	652	424	523	328
648	83	510	142	178	230	518	523	501	344
155	572	560	143	93	660	618	328	344	341
