10

0	589	0	657	0	0	0	0	0	104
589	0	0	155	110	0	221	539	267	471
0	0	0	0	644	0	53	0	0	204
657	155	0	79	136	590	71	0	0	0
0	110	644	136	467	0	0	0	0	468
0	0	0	590	0	0	0	391	0	0
0	221	53	71	0	0	232	0	0	61
0	539	0	0	0	391	0	0	560	591
0	267	0	0	0	0	0	560	0	0
104	471	204	0	468	0	61	591	0	0
