10

200	183	182	313	302	269	180	385	208	309
183	215	423	264	344	367	181	350	320	217
182	423	182	373	275	285	210	317	430	282
313	264	373	398	264	221	190	395	357	402
302	344	275	264	299	190	373	205	297	410
269	367	285	221	190	388	237	197	247	331
180	181	210	190	373	237	248	332	427	394
385	350	317	395	205	197	332	301	206	423
208	320	430	357	297	247	427	206	379	388
309	217	282	402	410	331	394	423	388	253
