10

874	674	875	707	928	706	603	895	682	814
674	831	442	635	764	708	689	454	544	433
875	442	870	822	675	505	556	555	905	698
707	635	822	869	580	821	702	740	875	837
928	764	675	580	498	766	840	908	437	883
706	708	505	821	766	679	774	778	487	532
603	689	556	702	840	774	927	907	831	550
895	454	555	740	908	778	907	646	480	819
682	544	905	875	437	487	831	480	748	944
814	433	698	837	883	532	550	819	944	590
