10

743	610	466	573	0	0	0	335	0	528
610	0	0	406	0	0	847	0	642	0
466	0	390	0	449	0	0	532	558	0
573	406	0	858	370	736	545	0	0	0
0	0	449	370	0	659	466	657	0	0
0	0	0	736	659	521	0	837	0	0
0	847	0	545	466	0	0	0	410	573
335	0	532	0	657	837	0	0	622	453
0	642	558	0	0	0	410	622	0	0
528	0	0	0	0	0	573	453	0	760
