10

54	50	53	56	51	50	56	67	58	60
50	58	53	52	55	67	61	64	54	64
53	53	58	59	59	62	64	51	57	61
56	52	59	65	67	67	67	65	62	62
51	55	59	67	59	60	50	65	65	57
50	67	62	67	60	60	51	56	56	60
56	61	64	67	50	51	55	67	52	67
67	64	51	65	65	56	67	62	66	57
58	54	57	62	65	56	52	66	59	63
60	64	61	62	57	60	67	57	63	66
