10

0	0	0	0	0	0	789	0	565	0
0	711	0	135	890	0	0	724	784	807
0	0	259	0	12	543	865	418	0	116
0	135	0	0	102	689	743	201	0	43
0	890	12	102	0	518	0	820	70	229
0	0	543	689	518	99	0	514	0	0
789	0	865	743	0	0	389	776	182	0
0	724	418	201	820	514	776	0	0	305
565	784	0	0	70	0	182	0	814	0
0	807	116	43	229	0	0	305	0	812
