10

116	113	111	140	0	140	151	0	0	140
113	139	0	123	126	0	0	0	115	0
111	0	107	149	0	111	148	0	0	112
140	123	149	140	124	110	118	0	0	140
0	126	0	124	111	0	0	0	135	138
140	0	111	110	0	155	0	143	119	0
151	0	148	118	0	0	0	119	0	0
0	0	0	0	0	143	119	144	0	0
0	115	0	0	135	119	0	0	112	0
140	0	112	140	138	0	0	0	0	0
