10

334	494	327	471	407	411	539	442	307	508
494	411	400	521	401	312	351	536	322	514
327	400	513	477	345	473	469	365	523	454
471	521	477	534	487	438	460	517	331	398
407	401	345	487	453	361	444	387	349	399
411	312	473	438	361	459	362	521	533	443
539	351	469	460	444	362	366	343	337	386
442	536	365	517	387	521	343	445	520	516
307	322	523	331	349	533	337	520	478	470
508	514	454	398	399	443	386	516	470	546
