10

0	0	209	214	231	173	115	170	233	0
0	136	0	153	236	0	124	0	121	0
209	0	0	140	218	220	114	124	158	0
214	153	140	0	212	0	160	219	0	0
231	236	218	212	0	231	177	139	0	161
173	0	220	0	231	237	153	148	0	108
115	124	114	160	177	153	122	189	0	0
170	0	124	219	139	148	189	0	238	143
233	121	158	0	0	0	0	238	0	0
0	0	0	0	161	108	0	143	0	152
