10

738	759	754	739	751	730	739	740	753	761
759	738	734	756	752	744	739	756	756	746
754	734	755	745	740	744	735	746	755	751
739	756	745	757	746	751	748	744	763	761
751	752	740	746	738	735	751	742	731	760
730	744	744	751	735	731	750	763	730	738
739	739	735	748	751	750	756	742	749	752
740	756	746	744	742	763	742	746	756	760
753	756	755	763	731	730	749	756	737	745
761	746	751	761	760	738	752	760	745	761
