10

0	163	0	0	0	0	0	156	0	0
163	0	197	0	0	0	131	0	229	0
0	197	294	255	144	283	0	218	266	0
0	0	255	0	0	292	0	0	221	0
0	0	144	0	291	217	0	0	0	188
0	0	283	292	217	250	0	0	191	0
0	131	0	0	0	0	0	160	261	296
156	0	218	0	0	0	160	0	201	0
0	229	266	221	0	191	261	201	232	158
0	0	0	0	188	0	296	0	158	0
