10

373	0	0	0	547	0	0	370	431	502
0	360	572	0	0	0	0	0	0	483
0	572	0	0	194	0	158	313	0	282
0	0	0	0	370	402	485	245	0	0
547	0	194	370	391	0	560	217	247	0
0	0	0	402	0	0	0	493	370	452
0	0	158	485	560	0	633	211	554	0
370	0	313	245	217	493	211	0	0	500
431	0	0	0	247	370	554	0	0	261
502	483	282	0	0	452	0	500	261	0
