10

21	72	63	83	33	54	87	49	22	76
72	76	22	46	69	83	32	66	50	44
63	22	72	41	75	27	91	87	80	63
83	46	41	46	29	55	51	26	36	39
33	69	75	29	34	87	61	53	40	84
54	83	27	55	87	33	67	39	42	36
87	32	91	51	61	67	19	47	33	28
49	66	87	26	53	39	47	21	31	80
22	50	80	36	40	42	33	31	60	35
76	44	63	39	84	36	28	80	35	68
