10

372	335	500	530	328	294	531	398	533	482
335	321	263	482	512	512	411	498	405	535
500	263	295	454	503	509	589	363	373	481
530	482	454	322	531	342	262	273	595	473
328	512	503	531	531	320	357	467	575	334
294	512	509	342	320	255	339	290	268	514
531	411	589	262	357	339	266	319	601	473
398	498	363	273	467	290	319	580	331	398
533	405	373	595	575	268	601	331	525	471
482	535	481	473	334	514	473	398	471	525
