10

349	358	375	450	413	451	373	412	275	458
358	482	318	429	377	430	434	343	369	467
375	318	466	348	427	270	421	353	296	469
450	429	348	370	432	412	476	325	411	442
413	377	427	432	399	447	482	354	371	338
451	430	270	412	447	375	270	358	332	443
373	434	421	476	482	270	380	442	456	347
412	343	353	325	354	358	442	430	464	328
275	369	296	411	371	332	456	464	465	463
458	467	469	442	338	443	347	328	463	380
