10

510	0	0	541	0	0	575	0	555	0
0	529	527	670	468	460	0	512	0	480
0	527	0	645	538	662	524	449	536	521
541	670	645	544	0	0	587	657	691	620
0	468	538	0	492	0	622	550	543	501
0	460	662	0	0	518	609	0	0	670
575	0	524	587	622	609	575	0	0	533
0	512	449	657	550	0	0	518	504	527
555	0	536	691	543	0	0	504	659	0
0	480	521	620	501	670	533	527	0	627
