10

173	129	153	124	166	141	109	112	137	131
129	97	128	148	145	139	162	103	109	111
153	128	162	162	95	123	117	112	97	135
124	148	162	110	154	148	170	123	172	106
166	145	95	154	155	106	134	148	118	108
141	139	123	148	106	159	135	114	162	103
109	162	117	170	134	135	128	166	114	107
112	103	112	123	148	114	166	149	169	171
137	109	97	172	118	162	114	169	128	169
131	111	135	106	108	103	107	171	169	121
