10

167	284	504	132	366	214	446	441	461	356
284	209	203	277	434	228	405	343	196	191
504	203	282	285	130	261	229	480	404	276
132	277	285	421	163	191	399	502	178	237
366	434	130	163	225	276	195	173	495	434
214	228	261	191	276	415	412	453	453	121
446	405	229	399	195	412	329	387	502	143
441	343	480	502	173	453	387	155	497	443
461	196	404	178	495	453	502	497	133	439
356	191	276	237	434	121	143	443	439	175
