10

258	295	314	294	277	374	334	308	331	275
295	286	259	320	366	308	368	392	289	368
314	259	272	255	384	382	389	285	307	320
294	320	255	312	287	299	275	361	301	283
277	366	384	287	405	276	337	340	258	404
374	308	382	299	276	270	394	267	327	282
334	368	389	275	337	394	257	293	335	340
308	392	285	361	340	267	293	347	410	267
331	289	307	301	258	327	335	410	407	314
275	368	320	283	404	282	340	267	314	356
