10

15	58	58	34	46	17	56	20	22	36
58	44	13	40	16	33	14	22	52	41
58	13	15	27	50	47	20	31	42	36
34	40	27	45	32	18	46	21	17	56
46	16	50	32	55	42	49	44	46	29
17	33	47	18	42	36	43	46	54	41
56	14	20	46	49	43	35	31	57	28
20	22	31	21	44	46	31	50	36	49
22	52	42	17	46	54	57	36	37	51
36	41	36	56	29	41	28	49	51	21
