10

143	144	137	139	134	128	140	157	130	147
144	131	130	128	151	156	135	148	147	140
137	130	152	129	156	0	128	146	155	150
139	128	129	145	0	129	137	136	0	151
134	151	156	0	0	0	148	151	136	140
128	156	0	129	0	132	150	0	0	138
140	135	128	137	148	150	147	133	153	0
157	148	146	136	151	0	133	145	146	147
130	147	155	0	136	0	153	146	0	132
147	140	150	151	140	138	0	147	132	133
