10

0	0	0	0	741	556	812	0	0	0
0	0	0	0	0	0	812	0	0	0
0	0	714	0	0	742	0	579	867	0
0	0	0	0	0	0	0	0	502	0
741	0	0	0	309	0	639	0	344	288
556	0	742	0	0	704	304	763	722	0
812	812	0	0	639	304	0	0	376	675
0	0	579	0	0	763	0	656	286	0
0	0	867	502	344	722	376	286	0	0
0	0	0	0	288	0	675	0	0	776
