10

428	394	394	417	431	414	370	393	331	404
394	383	361	438	420	345	331	361	337	348
394	361	395	381	396	351	415	366	346	415
417	438	381	436	383	435	436	332	412	431
431	420	396	383	434	414	427	343	384	429
414	345	351	435	414	399	344	352	348	370
370	331	415	436	427	344	399	329	398	437
393	361	366	332	343	352	329	400	342	345
331	337	346	412	384	348	398	342	411	424
404	348	415	431	429	370	437	345	424	410
