10

593	0	0	0	0	540	410	714	688	0
0	0	431	289	531	684	620	423	546	548
0	431	0	630	364	708	327	0	391	568
0	289	630	420	422	715	622	561	757	0
0	531	364	422	662	633	0	0	426	504
540	684	708	715	633	390	415	653	637	318
410	620	327	622	0	415	0	613	490	740
714	423	0	561	0	653	613	696	636	0
688	546	391	757	426	637	490	636	570	434
0	548	568	0	504	318	740	0	434	586
