10

606	619	582	560	655	660	664	686	788	539
619	620	787	641	770	572	771	747	785	741
582	787	650	575	787	692	597	774	611	669
560	641	575	593	605	574	529	670	680	673
655	770	787	605	599	645	774	776	711	530
660	572	692	574	645	639	597	724	623	621
664	771	597	529	774	597	707	715	646	667
686	747	774	670	776	724	715	741	552	613
788	785	611	680	711	623	646	552	608	553
539	741	669	673	530	621	667	613	553	577
