10

75	74	65	0	89	0	0	0	94	0
74	96	0	85	66	0	0	0	82	0
65	0	67	0	0	81	0	98	85	63
0	85	0	0	71	0	77	96	75	83
89	66	0	71	0	95	92	97	72	74
0	0	81	0	95	0	77	97	85	0
0	0	0	77	92	77	91	82	83	96
0	0	98	96	97	97	82	0	0	74
94	82	85	75	72	85	83	0	72	0
0	0	63	83	74	0	96	74	0	68
