10

426	0	299	300	0	422	385	0	487	0
0	0	290	405	387	305	0	488	480	0
299	290	324	0	0	0	0	372	483	0
300	405	0	462	333	0	0	282	486	315
0	387	0	333	444	391	318	0	352	0
422	305	0	0	391	385	0	364	486	0
385	0	0	0	318	0	0	288	0	320
0	488	372	282	0	364	288	471	425	416
487	480	483	486	352	486	0	425	0	271
0	0	0	315	0	0	320	416	271	307
