10

199	0	291	206	336	386	0	162	694	243
0	714	280	476	522	308	659	585	267	0
291	280	269	328	630	229	519	0	217	606
206	476	328	754	239	391	299	0	748	572
336	522	630	239	0	0	0	413	0	405
386	308	229	391	0	229	320	584	552	343
0	659	519	299	0	320	183	405	612	365
162	585	0	0	413	584	405	0	591	576
694	267	217	748	0	552	612	591	380	278
243	0	606	572	405	343	365	576	278	481
