10

417	365	409	368	354	357	366	346	382	414
365	367	374	387	347	364	353	400	422	420
409	374	339	347	408	355	390	417	383	393
368	387	347	391	406	339	406	398	366	360
354	347	408	406	358	373	418	345	394	384
357	364	355	339	373	350	376	372	405	417
366	353	390	406	418	376	368	371	395	420
346	400	417	398	345	372	371	339	386	362
382	422	383	366	394	405	395	386	414	352
414	420	393	360	384	417	420	362	352	365
