10

663	646	683	657	605	0	0	689	0	0
646	645	0	624	675	0	624	627	0	630
683	0	606	0	644	0	0	651	650	656
657	624	0	670	0	648	659	630	0	642
605	675	644	0	649	633	612	662	645	667
0	0	0	648	633	622	671	685	671	659
0	624	0	659	612	671	0	677	0	0
689	627	651	630	662	685	677	604	687	659
0	0	650	0	645	671	0	687	687	607
0	630	656	642	667	659	0	659	607	0
