10

269	166	195	145	145	162	289	163	267	296
166	204	334	201	244	258	223	282	337	243
195	334	139	328	265	273	324	244	294	292
145	201	328	255	251	200	131	162	170	174
145	244	265	251	152	197	227	288	230	336
162	258	273	200	197	273	324	148	281	258
289	223	324	131	227	324	289	243	225	184
163	282	244	162	288	148	243	135	199	316
267	337	294	170	230	281	225	199	313	186
296	243	292	174	336	258	184	316	186	272
