10

684	681	690	678	687	701	678	684	700	680
681	682	686	677	677	687	698	687	700	698
690	686	681	688	679	682	677	699	698	695
678	677	688	699	677	689	697	687	695	691
687	677	679	677	684	692	689	693	690	698
701	687	682	689	692	682	697	696	678	695
678	698	677	697	689	697	691	697	689	679
684	687	699	687	693	696	697	699	692	697
700	700	698	695	690	678	689	692	688	696
680	698	695	691	698	695	679	697	696	685
