10

816	815	729	709	497	867	646	962	679	852
815	842	888	935	432	725	875	527	434	714
729	888	545	687	866	909	658	666	818	509
709	935	687	592	750	455	422	617	940	511
497	432	866	750	476	474	805	493	926	625
867	725	909	455	474	821	462	717	954	726
646	875	658	422	805	462	962	556	759	717
962	527	666	617	493	717	556	727	653	538
679	434	818	940	926	954	759	653	734	487
852	714	509	511	625	726	717	538	487	812
