10

74	74	63	76	78	54	75	73	80	77
74	55	77	49	49	71	80	69	65	50
63	77	61	61	50	63	69	66	75	57
76	49	61	72	70	78	53	59	52	53
78	49	50	70	65	58	54	63	59	51
54	71	63	78	58	52	52	51	50	67
75	80	69	53	54	52	65	59	61	49
73	69	66	59	63	51	59	62	73	59
80	65	75	52	59	50	61	73	53	66
77	50	57	53	51	67	49	59	66	78
