10

704	0	0	0	683	547	732	0	0	0
0	733	637	718	684	653	0	499	0	507
0	637	0	681	761	647	0	0	616	735
0	718	681	707	768	589	725	0	0	548
683	684	761	768	669	527	0	0	0	0
547	653	647	589	527	672	533	566	573	733
732	0	0	725	0	533	0	0	552	510
0	499	0	0	0	566	0	615	594	637
0	0	616	0	0	573	552	594	0	736
0	507	735	548	0	733	510	637	736	0
