10

0	748	727	771	0	777	0	779	782	0
748	0	0	0	754	0	0	750	772	743
727	0	726	0	743	759	0	777	0	747
771	0	0	780	0	759	779	0	771	767
0	754	743	0	748	752	782	0	0	0
777	0	759	759	752	737	0	753	775	743
0	0	0	779	782	0	0	772	768	0
779	750	777	0	0	753	772	0	734	0
782	772	0	771	0	775	768	734	747	726
0	743	747	767	0	743	0	0	726	766
