10

568	567	571	562	572	561	562	570	568	572
567	562	572	564	566	566	565	565	564	569
571	572	567	563	565	572	568	571	563	564
562	564	563	569	568	563	563	562	569	562
572	566	565	568	572	567	572	571	571	569
561	566	572	563	567	563	561	567	571	568
562	565	568	563	572	561	572	568	567	564
570	565	571	562	571	567	568	571	570	562
568	564	563	569	571	571	567	570	564	564
572	569	564	562	569	568	564	562	564	562
