10

409	90	795	417	171	455	661	723	123	157
90	167	513	269	686	135	315	579	194	127
795	513	510	480	641	239	705	691	717	759
417	269	480	734	708	781	325	404	301	594
171	686	641	708	760	340	246	450	184	155
455	135	239	781	340	725	264	741	815	537
661	315	705	325	246	264	680	537	550	339
723	579	691	404	450	741	537	412	409	579
123	194	717	301	184	815	550	409	699	545
157	127	759	594	155	537	339	579	545	96
