10

335	83	403	221	402	506	179	381	186	14
83	141	304	173	502	250	80	300	51	443
403	304	110	5	478	81	445	74	497	398
221	173	5	395	230	117	128	234	36	261
402	502	478	230	296	179	92	499	100	231
506	250	81	117	179	315	382	173	371	241
179	80	445	128	92	382	409	78	242	270
381	300	74	234	499	173	78	456	471	146
186	51	497	36	100	371	242	471	304	193
14	443	398	261	231	241	270	146	193	204
