10

285	331	354	0	310	0	332	296	0	302
331	334	0	0	314	0	0	339	0	0
354	0	0	348	312	309	0	0	0	0
0	0	348	344	316	285	352	0	348	289
310	314	312	316	311	324	0	293	300	0
0	0	309	285	324	297	0	328	332	0
332	0	0	352	0	0	321	0	0	0
296	339	0	0	293	328	0	341	291	0
0	0	0	348	300	332	0	291	316	0
302	0	0	289	0	0	0	0	0	316
