10

99	88	131	119	57	68	154	130	158	63
88	184	116	45	138	118	147	170	114	39
131	116	210	204	173	154	78	119	52	83
119	45	204	203	148	118	138	71	84	36
57	138	173	148	193	112	66	122	152	121
68	118	154	118	112	200	207	73	184	195
154	147	78	138	66	207	52	105	209	115
130	170	119	71	122	73	105	200	85	152
158	114	52	84	152	184	209	85	206	136
63	39	83	36	121	195	115	152	136	66
