10

539	0	467	0	0	313	0	0	154	223
0	0	0	0	0	0	0	448	0	0
467	0	127	473	0	0	0	547	0	468
0	0	473	393	451	497	337	0	559	233
0	0	0	451	545	460	0	0	0	110
313	0	0	497	460	0	391	0	0	265
0	0	0	337	0	391	573	575	0	0
0	448	547	0	0	0	575	279	291	470
154	0	0	559	0	0	0	291	0	424
223	0	468	233	110	265	0	470	424	0
