10

130	107	274	230	163	240	85	249	74	199
107	94	248	273	112	244	71	182	130	221
274	248	186	135	155	135	145	243	228	179
230	273	135	162	222	157	177	59	122	271
163	112	155	222	174	145	263	218	156	94
240	244	135	157	145	151	113	211	203	133
85	71	145	177	263	113	128	217	107	150
249	182	243	59	218	211	217	226	133	97
74	130	228	122	156	203	107	133	223	278
199	221	179	271	94	133	150	97	278	60
