10

0	510	469	506	0	0	428	0	0	388
510	447	396	0	0	462	428	524	0	502
469	396	405	393	382	0	505	389	525	407
506	0	393	427	461	467	420	379	457	0
0	0	382	461	508	0	455	415	0	0
0	462	0	467	0	495	0	0	0	507
428	428	505	420	455	0	448	516	0	465
0	524	389	379	415	0	516	481	0	0
0	0	525	457	0	0	0	0	493	0
388	502	407	0	0	507	465	0	0	0
