10

162	277	0	270	154	135	160	215	148	242
277	0	0	142	0	168	0	0	187	0
0	0	0	228	146	167	144	280	171	0
270	142	228	160	0	0	247	0	270	251
154	0	146	0	278	0	183	0	131	160
135	168	167	0	0	164	0	198	158	264
160	0	144	247	183	0	196	0	0	267
215	0	280	0	0	198	0	257	244	183
148	187	171	270	131	158	0	244	266	204
242	0	0	251	160	264	267	183	204	0
