10

198	490	543	858	764	627	522	765	336	700
490	699	284	874	873	348	824	199	454	227
543	284	742	848	216	682	427	202	551	632
858	874	848	751	191	863	689	630	740	408
764	873	216	191	255	648	655	623	264	671
627	348	682	863	648	861	706	420	522	236
522	824	427	689	655	706	461	741	295	715
765	199	202	630	623	420	741	357	395	526
336	454	551	740	264	522	295	395	288	474
700	227	632	408	671	236	715	526	474	233
