10

98	215	241	185	115	65	0	0	135	0
215	250	0	234	251	0	238	0	246	0
241	0	179	6	216	36	166	0	0	54
185	234	6	233	26	0	56	0	0	19
115	251	216	26	138	0	0	65	144	0
65	0	36	0	0	77	39	67	42	0
0	238	166	56	0	39	0	11	170	230
0	0	0	0	65	67	11	162	12	0
135	246	0	0	144	42	170	12	106	0
0	0	54	19	0	0	230	0	0	194
