10

206	193	197	203	201	207	207	199	202	194
193	201	215	218	210	210	194	209	203	214
197	215	217	205	206	203	203	203	206	219
203	218	205	213	207	205	196	210	218	207
201	210	206	207	219	212	200	213	219	193
207	210	203	205	212	199	197	201	196	219
207	194	203	196	200	197	207	215	197	197
199	209	203	210	213	201	215	214	206	218
202	203	206	218	219	196	197	206	193	218
194	214	219	207	193	219	197	218	218	214
