10

0	0	704	0	520	573	515	0	0	503
0	0	605	545	600	678	688	625	674	660
704	605	689	622	597	570	0	530	540	575
0	545	622	0	695	625	655	618	551	637
520	600	597	695	0	506	552	515	574	704
573	678	570	625	506	519	609	641	609	0
515	688	0	655	552	609	622	561	549	525
0	625	530	618	515	641	561	579	586	0
0	674	540	551	574	609	549	586	671	0
503	660	575	637	704	0	525	0	0	569
