10

582	785	472	361	709	526	842	273	840	568
785	811	467	623	607	327	461	611	413	384
472	467	535	310	445	801	592	330	589	636
361	623	310	562	358	716	510	832	347	664
709	607	445	358	728	466	596	698	685	581
526	327	801	716	466	724	349	800	526	315
842	461	592	510	596	349	638	675	638	262
273	611	330	832	698	800	675	628	604	638
840	413	589	347	685	526	638	604	661	262
568	384	636	664	581	315	262	638	262	681
