10

57	158	109	162	57	153	117	123	132	225
158	81	225	137	188	70	216	152	212	165
109	225	127	168	188	152	222	208	176	58
162	137	168	226	162	106	54	233	62	167
57	188	188	162	202	197	74	163	141	162
153	70	152	106	197	145	219	122	94	143
117	216	222	54	74	219	70	147	92	153
123	152	208	233	163	122	147	161	139	131
132	212	176	62	141	94	92	139	177	86
225	165	58	167	162	143	153	131	86	97
