10

625	641	609	520	441	506	443	656	646	760
641	538	423	640	482	575	448	594	582	537
609	423	645	658	738	679	595	535	525	581
520	640	658	521	670	671	578	703	434	578
441	482	738	670	626	494	572	763	547	775
506	575	679	671	494	686	701	744	737	648
443	448	595	578	572	701	475	687	623	503
656	594	535	703	763	744	687	593	443	712
646	582	525	434	547	737	623	443	621	654
760	537	581	578	775	648	503	712	654	511
