10

851	922	494	764	571	669	780	659	610	704
922	748	775	559	650	731	596	931	843	883
494	775	627	698	726	773	865	742	627	681
764	559	698	628	929	609	696	908	841	523
571	650	726	929	592	486	792	761	667	661
669	731	773	609	486	507	504	599	626	571
780	596	865	696	792	504	878	754	932	623
659	931	742	908	761	599	754	896	667	724
610	843	627	841	667	626	932	667	610	883
704	883	681	523	661	571	623	724	883	655
