10

626	623	567	644	636	623	509	528	610	395
623	422	562	585	463	499	465	501	496	567
567	562	420	512	571	641	625	626	474	441
644	585	512	636	655	426	463	579	509	397
636	463	571	655	572	651	627	529	610	550
623	499	641	426	651	456	410	421	509	649
509	465	625	463	627	410	534	445	470	464
528	501	626	579	529	421	445	479	477	560
610	496	474	509	610	509	470	477	619	612
395	567	441	397	550	649	464	560	612	519
