10

65	75	67	0	66	68	0	67	68	74
75	71	0	72	65	64	0	75	70	72
67	0	75	64	68	73	0	64	0	64
0	72	64	70	0	73	0	70	74	69
66	65	68	0	68	64	74	67	69	67
68	64	73	73	64	64	64	74	72	71
0	0	0	0	74	64	71	64	75	70
67	75	64	70	67	74	64	66	64	72
68	70	0	74	69	72	75	64	68	71
74	72	64	69	67	71	70	72	71	69
