10

840	670	225	817	669	774	681	842	910	353
670	252	833	439	583	573	502	572	283	343
225	833	596	668	418	860	425	715	308	899
817	439	668	333	639	684	925	437	279	283
669	583	418	639	834	678	549	331	228	634
774	573	860	684	678	445	791	632	413	425
681	502	425	925	549	791	596	913	299	638
842	572	715	437	331	632	913	609	809	716
910	283	308	279	228	413	299	809	863	438
353	343	899	283	634	425	638	716	438	862
