10

473	650	554	386	749	446	173	540	235	583
650	317	538	260	408	602	511	478	716	733
554	538	162	280	707	801	746	336	655	753
386	260	280	669	373	219	484	577	694	757
749	408	707	373	506	531	287	222	489	786
446	602	801	219	531	665	571	276	441	464
173	511	746	484	287	571	843	793	519	523
540	478	336	577	222	276	793	757	779	722
235	716	655	694	489	441	519	779	529	508
583	733	753	757	786	464	523	722	508	695
