10

80	76	43	42	31	40	115	89	99	162
76	218	50	103	54	188	147	132	40	217
43	50	130	74	25	110	178	189	65	217
42	103	74	215	27	36	26	64	156	74
31	54	25	27	154	173	216	142	192	141
40	188	110	36	173	136	129	29	32	43
115	147	178	26	216	129	47	43	17	213
89	132	189	64	142	29	43	40	155	196
99	40	65	156	192	32	17	155	82	172
162	217	217	74	141	43	213	196	172	118
