10

46	39	53	78	67	34	36	79	54	60
39	43	30	39	65	50	58	77	29	78
53	30	67	54	82	60	24	46	82	58
78	39	54	29	53	32	57	61	58	22
67	65	82	53	41	47	52	55	81	50
34	50	60	32	47	70	29	28	69	20
36	58	24	57	52	29	42	54	79	35
79	77	46	61	55	28	54	62	77	33
54	29	82	58	81	69	79	77	53	20
60	78	58	22	50	20	35	33	20	35
