10

310	396	247	191	319	269	406	332	226	199
396	246	186	216	262	373	249	329	343	200
247	186	392	296	262	376	229	206	353	390
191	216	296	284	422	213	183	306	195	182
319	262	262	422	185	250	280	205	183	232
269	373	376	213	250	204	290	231	208	241
406	249	229	183	280	290	395	349	265	331
332	329	206	306	205	231	349	359	352	431
226	343	353	195	183	208	265	352	272	227
199	200	390	182	232	241	331	431	227	375
