10

259	316	188	199	227	314	192	214	256	218
316	274	266	249	230	285	292	265	190	246
188	266	278	252	221	184	305	274	239	290
199	249	252	212	192	301	207	205	224	185
227	230	221	192	227	249	194	189	314	248
314	285	184	301	249	287	266	258	203	233
192	292	305	207	194	266	190	302	279	301
214	265	274	205	189	258	302	195	250	211
256	190	239	224	314	203	279	250	311	210
218	246	290	185	248	233	301	211	210	191
