10

762	957	607	498	840	455	0	873	507	0
957	0	884	658	773	660	659	0	0	627
607	884	0	454	671	907	598	0	446	442
498	658	454	0	0	798	899	442	626	472
840	773	671	0	0	463	486	796	751	914
455	660	907	798	463	931	747	757	0	848
0	659	598	899	486	747	603	0	806	0
873	0	0	442	796	757	0	633	858	810
507	0	446	626	751	0	806	858	611	594
0	627	442	472	914	848	0	810	594	737
