10

379	449	0	0	454	477	427	0	480	379
449	0	474	469	0	387	382	449	0	468
0	474	390	458	0	0	444	0	0	413
0	469	458	0	0	0	418	0	0	390
454	0	0	0	461	0	0	428	460	362
477	387	0	0	0	0	0	0	0	0
427	382	444	418	0	0	0	0	378	424
0	449	0	0	428	0	0	437	406	443
480	0	0	0	460	0	378	406	467	426
379	468	413	390	362	0	424	443	426	385
