10

0	425	425	409	418	422	399	0	415	415
425	421	0	0	403	0	405	424	410	397
425	0	415	0	0	0	0	395	403	414
409	0	0	397	410	0	414	0	426	0
418	403	0	410	0	392	420	393	395	408
422	0	0	0	392	427	412	0	403	430
399	405	0	414	420	412	427	424	408	0
0	424	395	0	393	0	424	0	0	431
415	410	403	426	395	403	408	0	0	414
415	397	414	0	408	430	0	431	414	392
