10

181	131	228	207	449	370	146	116	257	419
131	477	455	147	396	292	460	467	362	333
228	455	257	321	148	173	175	213	420	137
207	147	321	245	368	111	164	235	150	459
449	396	148	368	343	402	240	305	200	117
370	292	173	111	402	413	333	211	181	314
146	460	175	164	240	333	124	360	108	482
116	467	213	235	305	211	360	256	424	367
257	362	420	150	200	181	108	424	219	240
419	333	137	459	117	314	482	367	240	108
