10

776	826	796	786	698	779	855	699	866	880
826	724	696	852	821	774	740	891	859	827
796	696	792	835	888	785	857	681	733	836
786	852	835	816	844	789	669	802	794	674
698	821	888	844	673	814	889	801	740	687
779	774	785	789	814	801	831	749	837	722
855	740	857	669	889	831	748	706	842	755
699	891	681	802	801	749	706	866	745	740
866	859	733	794	740	837	842	745	819	894
880	827	836	674	687	722	755	740	894	804
