10

0	0	644	0	0	0	678	0	647	633
0	0	0	0	678	0	0	0	0	0
644	0	0	658	0	0	0	0	0	650
0	0	658	0	0	0	670	625	0	0
0	678	0	0	0	650	0	673	0	0
0	0	0	0	650	0	610	0	0	0
678	0	0	670	0	610	660	660	679	0
0	0	0	625	673	0	660	0	650	650
647	0	0	0	0	0	679	650	0	622
633	0	650	0	0	0	0	650	622	0
