10

394	360	393	374	0	321	357	396	330	382
360	386	0	363	0	0	0	0	408	353
393	0	414	329	0	364	350	0	377	0
374	363	329	0	0	380	0	0	0	377
0	0	0	0	0	0	0	408	316	345
321	0	364	380	0	363	318	339	386	329
357	0	350	0	0	318	327	0	411	0
396	0	0	0	408	339	0	0	0	360
330	408	377	0	316	386	411	0	346	413
382	353	0	377	345	329	0	360	413	375
