10

434	340	293	382	271	261	338	256	258	379
340	261	274	438	415	289	268	431	341	410
293	274	315	406	313	248	404	362	421	327
382	438	406	348	311	389	324	245	412	409
271	415	313	311	343	334	442	295	422	318
261	289	248	389	334	400	330	318	278	426
338	268	404	324	442	330	317	368	288	358
256	431	362	245	295	318	368	288	332	435
258	341	421	412	422	278	288	332	415	371
379	410	327	409	318	426	358	435	371	240
