10

917	0	0	455	876	0	751	491	942	450
0	0	0	0	0	0	799	0	0	660
0	0	0	0	0	700	559	520	0	0
455	0	0	477	0	759	0	727	0	0
876	0	0	0	748	475	0	0	625	445
0	0	700	759	475	0	693	622	0	0
751	799	559	0	0	693	590	0	0	819
491	0	520	727	0	622	0	887	588	0
942	0	0	0	625	0	0	588	0	803
450	660	0	0	445	0	819	0	803	525
