10

444	195	279	479	389	530	734	84	704	615
195	667	152	395	191	283	88	697	784	315
279	152	131	430	368	410	841	194	512	743
479	395	430	757	168	57	208	503	166	525
389	191	368	168	371	812	776	112	366	672
530	283	410	57	812	191	13	488	786	67
734	88	841	208	776	13	842	27	42	249
84	697	194	503	112	488	27	35	299	679
704	784	512	166	366	786	42	299	262	161
615	315	743	525	672	67	249	679	161	498
