10

240	0	199	0	253	219	0	0	0	0
0	0	0	235	0	0	201	0	0	0
199	0	233	0	211	0	0	206	0	247
0	235	0	218	225	0	238	211	0	212
253	0	211	225	244	207	216	0	0	0
219	0	0	0	207	0	0	245	0	0
0	201	0	238	216	0	0	215	0	250
0	0	206	211	0	245	215	0	241	231
0	0	0	0	0	0	0	241	244	0
0	0	247	212	0	0	250	231	0	238
