10

213	234	257	0	293	0	0	0	216	0
234	0	0	0	285	238	0	271	0	241
257	0	238	221	270	0	0	0	0	0
0	0	221	298	276	240	0	258	0	0
293	285	270	276	0	0	298	0	0	0
0	238	0	240	0	242	0	0	0	0
0	0	0	0	298	0	0	245	254	294
0	271	0	258	0	0	245	288	0	0
216	0	0	0	0	0	254	0	0	0
0	241	0	0	0	0	294	0	0	0
