10

468	503	415	402	369	426	458	471	375	472
503	470	461	377	403	477	383	401	453	397
415	461	470	515	441	496	471	407	425	461
402	377	515	488	455	409	462	370	480	443
369	403	441	455	472	499	464	504	470	432
426	477	496	409	499	485	430	402	482	495
458	383	471	462	464	430	372	398	431	488
471	401	407	370	504	402	398	439	488	516
375	453	425	480	470	482	431	488	442	436
472	397	461	443	432	495	488	516	436	473
