10

170	172	255	266	206	270	213	233	212	166
172	163	259	231	242	271	180	228	227	163
255	259	186	265	251	265	224	232	245	164
266	231	265	180	260	265	186	238	180	205
206	242	251	260	202	169	238	208	175	230
270	271	265	265	169	222	239	171	241	257
213	180	224	186	238	239	197	240	223	191
233	228	232	238	208	171	240	175	250	184
212	227	245	180	175	241	223	250	198	177
166	163	164	205	230	257	191	184	177	242
