10

219	346	250	273	159	94	105	192	132	194
346	300	391	117	101	46	71	366	324	166
250	391	365	448	233	120	315	167	316	179
273	117	448	352	182	121	322	258	439	60
159	101	233	182	55	420	70	141	187	249
94	46	120	121	420	153	432	375	447	338
105	71	315	322	70	432	49	322	239	237
192	366	167	258	141	375	322	129	370	410
132	324	316	439	187	447	239	370	70	453
194	166	179	60	249	338	237	410	453	226
