10

103	113	98	107	140	108	94	138	138	135
113	113	117	124	79	67	89	117	127	113
98	117	138	129	0	91	142	0	0	0
107	124	129	143	122	75	0	136	0	0
140	79	0	122	85	126	146	0	0	0
108	67	91	75	126	94	124	98	0	72
94	89	142	0	146	124	117	0	73	146
138	117	0	136	0	98	0	0	0	0
138	127	0	0	0	0	73	0	126	125
135	113	0	0	0	72	146	0	125	143
