10

35	40	142	0	140	66	84	145	122	142
40	112	50	97	117	87	124	130	150	83
142	50	146	85	115	76	37	32	47	0
0	97	85	105	0	30	130	38	146	36
140	117	115	0	148	40	95	0	142	65
66	87	76	30	40	0	54	140	119	98
84	124	37	130	95	54	59	141	95	47
145	130	32	38	0	140	141	71	0	46
122	150	47	146	142	119	95	0	99	111
142	83	0	36	65	98	47	46	111	151
