10

67	481	419	684	337	359	601	384	329	210
481	174	498	565	664	285	353	154	154	697
419	498	280	609	136	465	306	273	289	185
684	565	609	352	151	678	57	280	659	148
337	664	136	151	346	140	679	643	502	208
359	285	465	678	140	353	567	48	210	370
601	353	306	57	679	567	384	272	162	183
384	154	273	280	643	48	272	204	571	351
329	154	289	659	502	210	162	571	358	552
210	697	185	148	208	370	183	351	552	111
