10

118	64	63	35	72	78	129	110	99	104
64	204	167	127	196	207	112	143	81	178
63	167	186	94	150	191	128	21	155	184
35	127	94	31	182	148	78	98	48	21
72	196	150	182	112	44	151	200	176	184
78	207	191	148	44	189	141	94	154	207
129	112	128	78	151	141	60	159	173	173
110	143	21	98	200	94	159	31	200	143
99	81	155	48	176	154	173	200	114	154
104	178	184	21	184	207	173	143	154	93
