10

868	818	872	811	803	863	798	869	878	886
818	873	834	881	894	830	826	817	813	799
872	834	867	886	810	888	876	785	784	852
811	881	886	776	772	868	820	841	883	828
803	894	810	772	777	770	772	808	801	878
863	830	888	868	770	853	838	870	805	782
798	826	876	820	772	838	826	838	888	894
869	817	785	841	808	870	838	893	837	822
878	813	784	883	801	805	888	837	783	808
886	799	852	828	878	782	894	822	808	786
