10

808	864	485	818	584	733	397	868	801	581
864	629	613	764	419	794	713	721	576	780
485	613	714	382	643	810	490	514	388	887
818	764	382	659	684	731	882	511	821	567
584	419	643	684	778	484	670	841	719	694
733	794	810	731	484	779	861	674	742	522
397	713	490	882	670	861	746	578	543	710
868	721	514	511	841	674	578	434	713	856
801	576	388	821	719	742	543	713	672	817
581	780	887	567	694	522	710	856	817	789
