10

29	18	25	19	26	22	6	9	20	21
18	11	7	12	24	13	10	6	14	11
25	7	16	31	8	24	19	31	14	29
19	12	31	8	16	30	19	28	17	24
26	24	8	16	19	26	8	29	20	12
22	13	24	30	26	6	19	29	8	19
6	10	19	19	8	19	11	13	21	7
9	6	31	28	29	29	13	17	8	9
20	14	14	17	20	8	21	8	9	15
21	11	29	24	12	19	7	9	15	28
