10

0	205	0	200	194	199	197	0	206	193
205	196	203	200	0	206	195	0	200	198
0	203	199	0	0	199	208	198	203	194
200	200	0	204	0	0	208	198	0	201
194	0	0	0	206	202	193	202	205	0
199	206	199	0	202	201	202	196	207	199
197	195	208	208	193	202	0	0	0	193
0	0	198	198	202	196	0	196	206	196
206	200	203	0	205	207	0	206	0	193
193	198	194	201	0	199	193	196	193	205
