10

0	380	318	317	408	312	388	322	0	0
380	364	0	293	401	420	328	399	358	412
318	0	377	405	341	420	307	421	332	419
317	293	405	298	419	341	0	365	305	420
408	401	341	419	341	343	0	397	403	339
312	420	420	341	343	0	369	380	374	373
388	328	307	0	0	369	377	306	311	0
322	399	421	365	397	380	306	370	363	396
0	358	332	305	403	374	311	363	321	382
0	412	419	420	339	373	0	396	382	364
