10

186	415	217	337	102	321	299	460	279	279
415	211	364	468	398	153	150	303	380	428
217	364	307	321	291	237	198	213	217	184
337	468	321	488	442	436	319	263	455	452
102	398	291	442	307	278	209	361	352	426
321	153	237	436	278	457	228	320	243	411
299	150	198	319	209	228	228	280	457	211
460	303	213	263	361	320	280	412	360	104
279	380	217	455	352	243	457	360	391	416
279	428	184	452	426	411	211	104	416	292
