10

464	216	487	496	325	280	498	238	607	586
216	375	271	444	442	465	584	427	283	299
487	271	215	601	285	331	464	459	501	589
496	444	601	241	392	458	425	437	421	490
325	442	285	392	388	567	376	434	508	651
280	465	331	458	567	229	619	662	219	615
498	584	464	425	376	619	362	579	363	638
238	427	459	437	434	662	579	422	645	353
607	283	501	421	508	219	363	645	523	326
586	299	589	490	651	615	638	353	326	394
