10

629	517	0	722	0	0	792	798	728	536
517	0	790	0	482	707	570	0	454	0
0	790	631	622	779	676	508	0	516	491
722	0	622	642	539	0	623	690	579	631
0	482	779	539	620	710	533	435	655	796
0	707	676	0	710	677	0	0	558	579
792	570	508	623	533	0	489	549	753	458
798	0	0	690	435	0	549	692	0	463
728	454	516	579	655	558	753	0	510	630
536	0	491	631	796	579	458	463	630	438
