10

225	352	0	272	319	352	0	165	0	0
352	201	248	0	246	318	0	353	351	0
0	248	286	0	177	0	306	0	264	299
272	0	0	205	95	279	0	0	0	0
319	246	177	95	0	262	94	162	236	323
352	318	0	279	262	0	215	98	306	107
0	0	306	0	94	215	353	0	0	206
165	353	0	0	162	98	0	303	0	208
0	351	264	0	236	306	0	0	105	162
0	0	299	0	323	107	206	208	162	0
