10

556	600	603	532	515	504	571	575	486	483
600	552	524	582	512	497	593	583	546	531
603	524	543	547	582	528	596	494	484	492
532	582	547	597	540	558	572	572	532	593
515	512	582	540	536	538	518	545	563	600
504	497	528	558	538	584	551	487	600	601
571	593	596	572	518	551	575	497	566	579
575	583	494	572	545	487	497	532	544	550
486	546	484	532	563	600	566	544	547	545
483	531	492	593	600	601	579	550	545	563
