10

231	495	408	265	223	543	192	328	506	472
495	453	424	515	554	312	279	556	258	554
408	424	514	519	427	381	271	544	557	532
265	515	519	504	520	442	463	190	261	204
223	554	427	520	228	473	319	444	244	555
543	312	381	442	473	410	548	472	550	227
192	279	271	463	319	548	504	286	453	375
328	556	544	190	444	472	286	216	340	254
506	258	557	261	244	550	453	340	462	242
472	554	532	204	555	227	375	254	242	470
