10

205	206	198	195	203	198	193	199	197	190
206	202	206	202	196	200	190	200	199	202
198	206	206	193	204	191	195	199	193	202
195	202	193	194	201	191	196	205	191	199
203	196	204	201	199	202	202	198	193	192
198	200	191	191	202	204	202	193	194	199
193	190	195	196	202	202	199	193	202	197
199	200	199	205	198	193	193	192	195	190
197	199	193	191	193	194	202	195	192	198
190	202	202	199	192	199	197	190	198	199
