10

99	69	73	116	75	80	91	68	114	111
69	100	122	112	105	115	119	104	107	71
73	122	117	87	103	113	90	116	112	69
116	112	87	72	89	102	69	122	121	86
75	105	103	89	108	83	119	72	86	90
80	115	113	102	83	86	76	81	87	92
91	119	90	69	119	76	102	118	103	84
68	104	116	122	72	81	118	103	86	83
114	107	112	121	86	87	103	86	115	84
111	71	69	86	90	92	84	83	84	94
