10

434	704	721	499	389	701	547	414	541	658
704	481	745	629	579	469	521	411	731	520
721	745	525	700	699	632	486	533	542	429
499	629	700	536	733	534	468	558	579	554
389	579	699	733	431	548	676	487	668	455
701	469	632	534	548	539	656	389	560	680
547	521	486	468	676	656	460	477	562	725
414	411	533	558	487	389	477	388	445	481
541	731	542	579	668	560	562	445	427	489
658	520	429	554	455	680	725	481	489	676
