10

67	90	64	50	48	70	91	60	47	75
90	69	66	82	98	59	101	89	46	84
64	66	90	104	50	71	85	83	93	60
50	82	104	54	73	42	43	63	84	85
48	98	50	73	89	88	82	58	47	50
70	59	71	42	88	46	52	61	83	94
91	101	85	43	82	52	57	80	68	62
60	89	83	63	58	61	80	42	97	90
47	46	93	84	47	83	68	97	48	66
75	84	60	85	50	94	62	90	66	100
