10

0	322	0	352	158	0	0	0	155	0
322	0	266	232	0	314	205	0	169	0
0	266	321	209	300	0	133	0	0	244
352	232	209	172	248	0	0	290	0	0
158	0	300	248	0	229	199	292	0	259
0	314	0	0	229	350	254	0	0	143
0	205	133	0	199	254	0	0	258	0
0	0	0	290	292	0	0	223	175	331
155	169	0	0	0	0	258	175	0	0
0	0	244	0	259	143	0	331	0	220
