10

106	119	158	150	108	114	122	166	130	120
119	157	152	159	145	133	148	154	142	157
158	152	105	136	151	121	143	113	109	138
150	159	136	142	104	154	133	162	127	105
108	145	151	104	126	150	163	148	143	152
114	133	121	154	150	129	113	114	160	159
122	148	143	133	163	113	112	104	147	113
166	154	113	162	148	114	104	110	154	141
130	142	109	127	143	160	147	154	128	132
120	157	138	105	152	159	113	141	132	143
