10

573	310	565	281	626	536	645	611	343	301
310	427	463	491	334	408	392	613	479	424
565	463	567	347	477	515	303	482	513	581
281	491	347	542	447	301	677	358	674	605
626	334	477	447	314	568	282	277	405	313
536	408	515	301	568	311	422	451	343	439
645	392	303	677	282	422	381	268	516	458
611	613	482	358	277	451	268	482	556	392
343	479	513	674	405	343	516	556	350	404
301	424	581	605	313	439	458	392	404	621
