10

78	36	39	0	0	102	139	65	31	0
36	106	110	42	16	107	142	71	53	14
39	110	69	105	60	49	22	0	90	94
0	42	105	91	0	14	107	83	41	125
0	16	60	0	128	0	107	126	73	14
102	107	49	14	0	38	60	23	63	93
139	142	22	107	107	60	142	21	0	114
65	71	0	83	126	23	21	64	90	82
31	53	90	41	73	63	0	90	80	37
0	14	94	125	14	93	114	82	37	0
