10

459	425	438	446	444	448	419	431	438	448
425	415	428	410	458	426	456	415	420	437
438	428	454	428	417	415	450	459	441	443
446	410	428	428	439	442	451	460	412	406
444	458	417	439	444	438	462	439	458	459
448	426	415	442	438	459	422	437	448	444
419	456	450	451	462	422	414	406	431	461
431	415	459	460	439	437	406	452	409	462
438	420	441	412	458	448	431	409	432	436
448	437	443	406	459	444	461	462	436	460
