10

545	630	547	0	582	0	0	560	589	617
630	574	530	0	562	0	602	592	598	0
547	530	553	553	612	616	0	587	618	624
0	0	553	0	624	587	0	546	614	621
582	562	612	624	634	578	582	530	625	640
0	0	616	587	578	566	559	583	530	632
0	602	0	0	582	559	597	630	631	631
560	592	587	546	530	583	630	616	639	568
589	598	618	614	625	530	631	639	584	614
617	0	624	621	640	632	631	568	614	627
