10

380	368	365	361	397	365	403	399	375	388
368	406	404	361	396	372	382	386	382	389
365	404	382	361	378	391	366	365	377	404
361	361	361	372	382	382	387	394	390	383
397	396	378	382	368	405	389	386	405	368
365	372	391	382	405	367	389	389	404	362
403	382	366	387	389	389	391	382	376	389
399	386	365	394	386	389	382	396	364	372
375	382	377	390	405	404	376	364	374	363
388	389	404	383	368	362	389	372	363	366
