10

0	0	64	61	0	0	0	53	0	0
0	0	21	0	0	26	53	0	32	0
64	21	33	48	0	38	55	0	0	0
61	0	48	0	0	0	0	58	0	0
0	0	0	0	0	0	0	0	34	0
0	26	38	0	0	0	0	34	0	0
0	53	55	0	0	0	55	0	0	0
53	0	0	58	0	34	0	0	35	25
0	32	0	0	34	0	0	35	0	25
0	0	0	0	0	0	0	25	25	0
