10

622	606	615	627	612	625	598	596	587	623
606	586	592	593	601	592	590	597	594	612
615	592	598	597	602	597	600	627	604	623
627	593	597	618	588	585	602	599	586	593
612	601	602	588	603	617	625	625	613	619
625	592	597	585	617	623	594	593	613	604
598	590	600	602	625	594	592	608	602	605
596	597	627	599	625	593	608	589	592	607
587	594	604	586	613	613	602	592	595	626
623	612	623	593	619	604	605	607	626	595
