10

137	252	172	120	312	284	367	120	210	241
252	222	216	230	145	204	243	265	109	160
172	216	271	213	384	227	346	157	105	380
120	230	213	102	340	137	300	250	270	213
312	145	384	340	114	285	182	181	115	175
284	204	227	137	285	154	110	319	249	147
367	243	346	300	182	110	357	270	348	315
120	265	157	250	181	319	270	142	181	248
210	109	105	270	115	249	348	181	378	383
241	160	380	213	175	147	315	248	383	307
