10

0	0	0	60	42	58	33	17	0	5
0	50	20	0	35	0	0	57	37	13
0	20	0	7	0	6	36	46	0	0
60	0	7	49	0	0	0	41	19	0
42	35	0	0	10	16	50	0	17	0
58	0	6	0	16	12	0	11	0	0
33	0	36	0	50	0	13	11	53	56
17	57	46	41	0	11	11	0	37	51
0	37	0	19	17	0	53	37	56	0
5	13	0	0	0	0	56	51	0	42
