10

28	19	38	43	39	6	26	20	28	36
19	33	22	29	7	22	8	3	42	42
38	22	9	30	7	4	9	38	29	37
43	29	30	15	6	11	14	18	5	37
39	7	7	6	6	33	27	1	29	4
6	22	4	11	33	32	33	7	40	36
26	8	9	14	27	33	15	20	1	38
20	3	38	18	1	7	20	43	2	23
28	42	29	5	29	40	1	2	44	19
36	42	37	37	4	36	38	23	19	22
