10

290	0	514	0	0	294	0	0	0	0
0	309	559	0	0	678	631	694	353	682
514	559	403	417	368	387	0	0	504	337
0	0	417	337	371	0	437	0	395	331
0	0	368	371	0	357	589	340	265	267
294	678	387	0	357	667	0	0	0	624
0	631	0	437	589	0	541	363	610	652
0	694	0	0	340	0	363	556	400	0
0	353	504	395	265	0	610	400	369	672
0	682	337	331	267	624	652	0	672	591
