10

375	344	383	379	417	364	386	416	359	377
344	426	382	403	398	349	344	363	353	387
383	382	363	383	405	418	404	404	391	370
379	403	383	373	357	402	362	429	394	379
417	398	405	357	400	381	419	396	401	353
364	349	418	402	381	426	353	358	429	399
386	344	404	362	419	353	383	427	385	368
416	363	404	429	396	358	427	426	422	379
359	353	391	394	401	429	385	422	407	428
377	387	370	379	353	399	368	379	428	356
