10

115	127	116	90	41	89	132	90	119	128
127	75	67	30	67	82	111	105	45	111
116	67	101	100	34	130	119	47	32	95
90	30	100	49	91	56	58	120	126	124
41	67	34	91	45	83	51	75	65	87
89	82	130	56	83	74	112	89	114	70
132	111	119	58	51	112	77	29	29	57
90	105	47	120	75	89	29	111	104	51
119	45	32	126	65	114	29	104	128	80
128	111	95	124	87	70	57	51	80	58
