10

269	277	306	331	359	372	273	321	275	297
277	389	322	390	276	309	272	280	370	288
306	322	310	258	394	272	355	342	361	376
331	390	258	385	272	348	345	347	371	394
359	276	394	272	363	378	263	274	382	384
372	309	272	348	378	290	274	406	317	286
273	272	355	345	263	274	291	359	289	335
321	280	342	347	274	406	359	298	342	305
275	370	361	371	382	317	289	342	362	386
297	288	376	394	384	286	335	305	386	341
