10

324	666	624	359	321	371	365	424	347	426
666	361	327	530	599	333	416	611	607	560
624	327	351	645	361	525	480	497	316	579
359	530	645	640	611	447	620	617	323	364
321	599	361	611	339	509	360	324	404	469
371	333	525	447	509	388	436	608	518	339
365	416	480	620	360	436	431	447	607	614
424	611	497	617	324	608	447	314	542	647
347	607	316	323	404	518	607	542	541	630
426	560	579	364	469	339	614	647	630	329
