10

473	496	458	426	559	478	327	321	434	307
496	365	481	489	397	450	537	547	454	498
458	481	324	504	376	424	319	429	416	468
426	489	504	530	546	564	409	507	489	434
559	397	376	546	407	441	384	575	433	575
478	450	424	564	441	396	535	544	415	407
327	537	319	409	384	535	372	314	563	499
321	547	429	507	575	544	314	384	484	512
434	454	416	489	433	415	563	484	550	531
307	498	468	434	575	407	499	512	531	445
