10

429	504	546	466	494	483	481	434	558	462
504	490	464	483	545	559	564	498	521	470
546	464	426	491	570	527	568	505	425	535
466	483	491	428	471	563	524	523	454	426
494	545	570	471	488	475	427	531	523	498
483	559	527	563	475	524	528	551	463	429
481	564	568	524	427	528	483	548	503	490
434	498	505	523	531	551	548	539	533	542
558	521	425	454	523	463	503	533	469	499
462	470	535	426	498	429	490	542	499	453
