10

754	798	583	797	609	653	696	662	604	573
798	806	768	765	596	708	848	859	764	600
583	768	836	596	599	569	677	740	668	722
797	765	596	889	744	792	772	804	739	879
609	596	599	744	880	597	647	761	720	867
653	708	569	792	597	745	576	627	634	885
696	848	677	772	647	576	575	686	711	776
662	859	740	804	761	627	686	844	637	853
604	764	668	739	720	634	711	637	574	604
573	600	722	879	867	885	776	853	604	726
