10

875	868	907	369	425	910	313	728	581	755
868	798	261	664	560	544	573	846	755	759
907	261	586	328	648	490	233	872	319	285
369	664	328	322	292	896	434	413	691	477
425	560	648	292	679	636	709	450	447	310
910	544	490	896	636	375	442	719	482	387
313	573	233	434	709	442	584	512	618	679
728	846	872	413	450	719	512	914	879	730
581	755	319	691	447	482	618	879	268	892
755	759	285	477	310	387	679	730	892	475
