10

60	0	42	138	87	75	43	39	0	145
0	120	120	0	140	126	0	49	138	63
42	120	120	117	0	0	0	73	0	142
138	0	117	0	0	0	87	133	0	18
87	140	0	0	22	73	108	93	145	97
75	126	0	0	73	18	0	60	24	128
43	0	0	87	108	0	0	56	11	50
39	49	73	133	93	60	56	18	10	125
0	138	0	0	145	24	11	10	90	0
145	63	142	18	97	128	50	125	0	0
