10

561	574	0	578	0	530	0	597	594	0
574	583	0	0	562	0	578	562	597	538
0	0	0	516	581	0	569	588	558	579
578	0	516	583	0	0	511	0	530	589
0	562	581	0	0	546	0	575	524	591
530	0	0	0	546	0	0	525	562	0
0	578	569	511	0	0	548	574	577	0
597	562	588	0	575	525	574	578	0	0
594	597	558	530	524	562	577	0	0	0
0	538	579	589	591	0	0	0	0	0
