10

266	239	200	114	217	122	169	264	157	134
239	286	283	144	285	181	272	80	144	231
200	283	135	274	300	252	90	187	292	221
114	144	274	175	170	160	105	256	241	79
217	285	300	170	224	206	280	260	285	172
122	181	252	160	206	299	181	202	285	300
169	272	90	105	280	181	148	209	284	280
264	80	187	256	260	202	209	268	205	94
157	144	292	241	285	285	284	205	207	300
134	231	221	79	172	300	280	94	300	116
