10

649	230	261	333	489	586	223	126	385	748
230	779	168	782	669	137	526	204	635	356
261	168	365	773	513	633	774	521	644	754
333	782	773	189	417	801	729	637	412	122
489	669	513	417	713	322	734	757	657	332
586	137	633	801	322	537	395	209	371	446
223	526	774	729	734	395	190	294	662	803
126	204	521	637	757	209	294	403	133	194
385	635	644	412	657	371	662	133	494	295
748	356	754	122	332	446	803	194	295	338
