10

25	21	24	47	66	32	78	25	85	71
21	46	29	66	79	79	52	41	52	32
24	29	46	31	31	45	88	65	45	82
47	66	31	24	25	57	36	47	32	54
66	79	31	25	48	50	75	81	29	38
32	79	45	57	50	82	31	72	84	41
78	52	88	36	75	31	72	75	57	60
25	41	65	47	81	72	75	94	44	48
85	52	45	32	29	84	57	44	44	89
71	32	82	54	38	41	60	48	89	68
