10

290	316	0	0	315	309	0	240	308	142
316	270	289	178	187	289	264	0	291	328
0	289	302	180	339	316	141	166	286	201
0	178	180	312	0	151	279	162	237	287
315	187	339	0	305	0	0	203	168	210
309	289	316	151	0	0	334	261	234	0
0	264	141	279	0	334	314	287	230	298
240	0	166	162	203	261	287	165	167	0
308	291	286	237	168	234	230	167	176	0
142	328	201	287	210	0	298	0	0	0
