10

0	0	626	719	0	0	0	0	0	0
0	895	0	0	0	0	767	895	0	0
626	0	0	721	0	0	0	0	632	614
719	0	721	0	772	855	722	0	0	640
0	0	0	772	726	0	750	0	0	845
0	0	0	855	0	837	0	0	785	0
0	767	0	722	750	0	0	623	870	0
0	895	0	0	0	0	623	821	0	0
0	0	632	0	0	785	870	0	682	645
0	0	614	640	845	0	0	0	645	812
