10

269	112	271	198	248	268	56	86	86	207
112	167	51	94	72	176	74	179	146	246
271	51	181	51	261	227	207	199	42	161
198	94	51	120	217	42	125	169	243	140
248	72	261	217	155	37	226	234	269	35
268	176	227	42	37	61	59	132	222	259
56	74	207	125	226	59	223	195	103	198
86	179	199	169	234	132	195	180	204	93
86	146	42	243	269	222	103	204	42	169
207	246	161	140	35	259	198	93	169	151
