10

94	71	106	87	58	103	179	57	59	150
71	152	70	173	69	161	162	107	120	151
106	70	77	74	116	189	161	161	147	133
87	173	74	156	186	170	145	135	172	123
58	69	116	186	180	179	186	95	100	129
103	161	189	170	179	180	109	189	86	105
179	162	161	145	186	109	66	188	82	139
57	107	161	135	95	189	188	133	147	95
59	120	147	172	100	86	82	147	147	84
150	151	133	123	129	105	139	95	84	81
