10

122	181	91	83	191	231	134	68	67	109
181	188	178	124	113	129	116	213	145	174
91	178	66	222	161	132	70	133	57	200
83	124	222	83	194	78	63	237	93	227
191	113	161	194	208	219	172	227	216	86
231	129	132	78	219	132	229	204	224	188
134	116	70	63	172	229	208	196	98	73
68	213	133	237	227	204	196	150	135	84
67	145	57	93	216	224	98	135	186	105
109	174	200	227	86	188	73	84	105	187
