10

388	389	411	411	401	438	412	442	426	419
389	372	411	343	446	421	391	463	448	453
411	411	369	424	461	370	432	375	443	458
411	343	424	430	423	357	386	393	370	455
401	446	461	423	364	385	400	375	358	359
438	421	370	357	385	446	347	410	460	447
412	391	432	386	400	347	355	371	382	431
442	463	375	393	375	410	371	416	369	436
426	448	443	370	358	460	382	369	352	403
419	453	458	455	359	447	431	436	403	420
