10

257	269	167	156	93	215	272	189	202	99
269	188	210	113	257	127	108	66	168	59
167	210	273	86	187	267	45	113	107	59
156	113	86	120	149	81	242	191	238	56
93	257	187	149	283	212	118	141	57	47
215	127	267	81	212	228	228	278	248	234
272	108	45	242	118	228	109	239	166	38
189	66	113	191	141	278	239	76	209	124
202	168	107	238	57	248	166	209	96	156
99	59	59	56	47	234	38	124	156	164
