10

203	351	112	343	267	343	282	282	174	230
351	225	272	169	210	236	235	339	257	301
112	272	244	206	375	230	357	110	244	187
343	169	206	363	190	335	370	325	270	329
267	210	375	190	224	146	253	208	288	286
343	236	230	335	146	298	297	209	388	115
282	235	357	370	253	297	127	379	329	112
282	339	110	325	208	209	379	397	243	229
174	257	244	270	288	388	329	243	239	196
230	301	187	329	286	115	112	229	196	111
