10

701	689	724	762	776	699	713	720	696	771
689	748	692	703	743	733	746	711	705	716
724	692	722	777	691	760	746	709	781	704
762	703	777	733	755	767	700	712	740	753
776	743	691	755	701	721	714	756	776	741
699	733	760	767	721	734	715	781	754	718
713	746	746	700	714	715	733	780	780	759
720	711	709	712	756	781	780	719	740	687
696	705	781	740	776	754	780	740	780	761
771	716	704	753	741	718	759	687	761	750
