10

80	83	74	103	106	98	124	108	103	77
83	102	92	73	87	122	109	99	101	74
74	92	123	120	123	81	74	95	71	109
103	73	120	70	100	100	113	95	125	119
106	87	123	100	113	103	110	84	93	101
98	122	81	100	103	87	91	87	93	99
124	109	74	113	110	91	104	127	115	90
108	99	95	95	84	87	127	104	101	91
103	101	71	125	93	93	115	101	92	76
77	74	109	119	101	99	90	91	76	101
