10

163	242	236	347	475	479	179	105	109	154
242	412	135	359	462	137	331	149	396	313
236	135	105	359	115	132	343	267	297	106
347	359	359	215	178	453	113	420	315	209
475	462	115	178	348	462	430	303	339	223
479	137	132	453	462	218	410	409	228	431
179	331	343	113	430	410	446	375	456	323
105	149	267	420	303	409	375	303	197	406
109	396	297	315	339	228	456	197	380	337
154	313	106	209	223	431	323	406	337	373
