10

676	863	798	775	799	684	780	703	701	843
863	822	855	749	809	695	775	706	869	868
798	855	827	862	747	845	860	748	687	711
775	749	862	691	820	861	715	758	713	700
799	809	747	820	777	867	746	864	704	715
684	695	845	861	867	809	752	794	777	860
780	775	860	715	746	752	769	788	679	725
703	706	748	758	864	794	788	752	779	731
701	869	687	713	704	777	679	779	691	778
843	868	711	700	715	860	725	731	778	757
