10

260	472	713	236	281	520	661	525	418	665
472	729	666	132	395	659	712	432	165	207
713	666	382	571	596	403	411	598	185	718
236	132	571	548	463	313	606	347	393	337
281	395	596	463	267	140	331	386	295	303
520	659	403	313	140	630	131	367	343	142
661	712	411	606	331	131	312	430	327	396
525	432	598	347	386	367	430	395	734	723
418	165	185	393	295	343	327	734	635	200
665	207	718	337	303	142	396	723	200	496
