10

179	138	166	139	132	137	131	125	168	162
138	179	183	159	176	139	152	170	132	162
166	183	127	172	152	165	163	120	142	174
139	159	172	128	122	177	136	158	118	134
132	176	152	122	140	141	169	177	167	150
137	139	165	177	141	166	159	179	135	140
131	152	163	136	169	159	129	123	130	157
125	170	120	158	177	179	123	120	159	177
168	132	142	118	167	135	130	159	147	142
162	162	174	134	150	140	157	177	142	116
