10

124	77	101	254	98	104	59	203	263	48
77	263	250	132	70	254	270	95	49	200
101	250	98	237	196	132	231	247	219	256
254	132	237	59	271	138	74	199	243	107
98	70	196	271	114	266	90	209	84	59
104	254	132	138	266	112	254	240	192	158
59	270	231	74	90	254	137	195	232	180
203	95	247	199	209	240	195	77	252	47
263	49	219	243	84	192	232	252	259	150
48	200	256	107	59	158	180	47	150	111
