10

157	158	237	126	278	168	230	156	216	180
158	284	222	137	193	232	212	222	128	146
237	222	254	171	133	138	251	142	153	285
126	137	171	131	273	164	249	171	159	184
278	193	133	273	290	180	274	141	163	280
168	232	138	164	180	146	171	159	131	211
230	212	251	249	274	171	226	191	275	146
156	222	142	171	141	159	191	172	269	268
216	128	153	159	163	131	275	269	143	157
180	146	285	184	280	211	146	268	157	215
