10

479	242	266	387	693	324	729	509	578	360
242	188	515	271	528	580	202	643	168	657
266	515	608	688	381	709	333	379	600	539
387	271	688	451	478	573	707	540	650	367
693	528	381	478	282	394	626	601	178	179
324	580	709	573	394	180	687	657	285	695
729	202	333	707	626	687	672	765	639	378
509	643	379	540	601	657	765	295	609	277
578	168	600	650	178	285	639	609	781	714
360	657	539	367	179	695	378	277	714	526
