10

0	270	0	325	0	337	350	229	0	96
270	143	228	230	0	36	85	210	126	0
0	228	33	0	270	307	0	157	351	0
325	230	0	0	0	0	0	129	0	346
0	0	270	0	313	77	350	27	336	326
337	36	307	0	77	0	183	49	313	0
350	85	0	0	350	183	0	0	200	334
229	210	157	129	27	49	0	74	0	0
0	126	351	0	336	313	200	0	171	102
96	0	0	346	326	0	334	0	102	189
