10

0	0	0	0	132	164	187	0	0	197
0	0	0	0	0	0	0	231	0	0
0	0	185	0	0	0	192	0	0	0
0	0	0	0	196	169	0	0	0	0
132	0	0	196	211	207	284	0	0	0
164	0	0	169	207	258	0	163	0	221
187	0	192	0	284	0	169	247	215	181
0	231	0	0	0	163	247	0	156	220
0	0	0	0	0	0	215	156	0	0
197	0	0	0	0	221	181	220	0	0
