10

527	495	518	541	519	540	607	503	470	547
495	519	565	622	443	584	540	619	623	559
518	565	564	537	519	423	474	524	583	609
541	622	537	531	579	497	515	546	441	532
519	443	519	579	520	604	429	452	434	498
540	584	423	497	604	599	536	602	614	565
607	540	474	515	429	536	483	572	495	457
503	619	524	546	452	602	572	589	521	626
470	623	583	441	434	614	495	521	590	551
547	559	609	532	498	565	457	626	551	529
