10

0	595	0	546	508	0	574	0	571	0
595	0	0	0	533	475	554	554	473	0
0	0	0	548	0	0	479	518	589	0
546	0	548	488	0	533	519	0	0	0
508	533	0	0	0	494	544	0	488	0
0	475	0	533	494	591	494	563	0	525
574	554	479	519	544	494	581	491	482	572
0	554	518	0	0	563	491	575	0	530
571	473	589	0	488	0	482	0	0	573
0	0	0	0	0	525	572	530	573	0
