10

410	248	0	0	300	0	502	342	0	0
248	0	235	0	453	0	0	247	286	230
0	235	0	568	0	337	445	400	0	0
0	0	568	249	253	332	0	0	260	354
300	453	0	253	0	527	576	0	420	526
0	0	337	332	527	0	0	370	0	402
502	0	445	0	576	0	320	0	0	0
342	247	400	0	0	370	0	475	0	327
0	286	0	260	420	0	0	0	0	408
0	230	0	354	526	402	0	327	408	0
