10

630	182	375	807	295	819	192	280	435	459
182	808	602	237	111	287	457	566	270	296
375	602	829	554	729	468	782	181	112	311
807	237	554	666	650	581	503	230	644	274
295	111	729	650	546	685	776	372	377	747
819	287	468	581	685	568	252	258	466	169
192	457	782	503	776	252	464	689	378	305
280	566	181	230	372	258	689	349	733	316
435	270	112	644	377	466	378	733	594	653
459	296	311	274	747	169	305	316	653	569
