10

218	246	168	142	153	170	252	195	165	240
246	168	140	252	244	242	162	164	143	234
168	140	233	150	167	135	247	157	172	213
142	252	150	229	172	191	173	149	156	220
153	244	167	172	244	155	240	148	175	183
170	242	135	191	155	142	137	159	182	179
252	162	247	173	240	137	176	134	189	150
195	164	157	149	148	159	134	232	132	136
165	143	172	156	175	182	189	132	199	229
240	234	213	220	183	179	150	136	229	248
