10

224	215	211	223	216	210	212	235	228	238
215	248	221	213	222	214	222	209	235	214
211	221	223	221	223	229	235	243	226	239
223	213	221	216	248	230	229	224	235	242
216	222	223	248	247	223	240	227	230	217
210	214	229	230	223	215	218	220	209	237
212	222	235	229	240	218	248	241	218	215
235	209	243	224	227	220	241	221	237	250
228	235	226	235	230	209	218	237	246	239
238	214	239	242	217	237	215	250	239	250
