10

110	107	96	108	0	0	96	97	108	105
107	0	103	98	108	0	95	102	0	101
96	103	107	99	96	95	109	0	97	105
108	98	99	102	95	0	108	104	96	0
0	108	96	95	0	101	99	97	0	0
0	0	95	0	101	0	104	0	95	104
96	95	109	108	99	104	107	0	106	98
97	102	0	104	97	0	0	0	99	107
108	0	97	96	0	95	106	99	106	99
105	101	105	0	0	104	98	107	99	102
