10

221	265	261	239	242	165	245	276	218	269
265	203	176	184	186	325	223	238	227	232
261	176	229	273	236	184	151	232	226	281
239	184	273	321	296	226	254	145	143	284
242	186	236	296	183	203	336	229	272	277
165	325	184	226	203	337	185	247	285	185
245	223	151	254	336	185	156	306	164	311
276	238	232	145	229	247	306	335	298	201
218	227	226	143	272	285	164	298	154	343
269	232	281	284	277	185	311	201	343	153
