10

561	594	521	623	561	504	621	521	617	530
594	616	568	624	622	627	604	581	519	514
521	568	567	525	578	623	607	525	576	566
623	624	525	515	523	568	630	511	531	585
561	622	578	523	619	626	633	596	579	557
504	627	623	568	626	613	514	507	545	530
621	604	607	630	633	514	544	510	506	551
521	581	525	511	596	507	510	560	598	597
617	519	576	531	579	545	506	598	517	591
530	514	566	585	557	530	551	597	591	630
