10

168	167	313	106	218	253	255	249	153	248
167	239	177	272	182	208	194	178	148	77
313	177	229	173	103	99	197	85	292	300
106	272	173	99	120	119	255	301	226	219
218	182	103	120	163	163	209	83	284	115
253	208	99	119	163	318	137	111	313	194
255	194	197	255	209	137	134	82	266	208
249	178	85	301	83	111	82	82	298	270
153	148	292	226	284	313	266	298	87	185
248	77	300	219	115	194	208	270	185	212
