10

138	50	160	89	107	206	91	204	209	197
50	139	75	197	76	152	53	131	85	134
160	75	81	121	191	117	95	129	98	199
89	197	121	191	198	113	140	63	122	208
107	76	191	198	190	156	193	70	117	78
206	152	117	113	156	189	92	126	72	138
91	53	95	140	193	92	160	184	129	172
204	131	129	63	70	126	184	205	87	54
209	85	98	122	117	72	129	87	91	71
197	134	199	208	78	138	172	54	71	122
