10

0	62	253	103	115	238	85	205	186	262
62	136	121	144	140	194	197	78	0	263
253	121	181	240	218	0	0	144	0	232
103	144	240	252	97	165	136	132	192	85
115	140	218	97	0	162	192	103	227	0
238	194	0	165	162	136	204	177	259	116
85	197	0	136	192	204	231	0	264	121
205	78	144	132	103	177	0	0	142	98
186	0	0	192	227	259	264	142	67	204
262	263	232	85	0	116	121	98	204	72
