10

169	135	0	0	0	0	93	159	216	91
135	189	160	0	0	135	158	82	90	0
0	160	0	0	159	0	194	236	0	145
0	0	0	119	117	239	232	103	91	0
0	0	159	117	188	161	0	148	0	0
0	135	0	239	161	193	137	142	103	198
93	158	194	232	0	137	0	165	127	147
159	82	236	103	148	142	165	82	224	102
216	90	0	91	0	103	127	224	103	93
91	0	145	0	0	198	147	102	93	226
