10

577	0	599	577	562	582	0	532	572	536
0	0	0	550	567	0	0	570	537	555
599	0	532	544	574	551	0	0	568	565
577	550	544	565	544	576	568	541	555	600
562	567	574	544	583	556	0	0	0	0
582	0	551	576	556	570	570	586	0	0
0	0	0	568	0	570	558	540	564	0
532	570	0	541	0	586	540	0	0	590
572	537	568	555	0	0	564	0	563	0
536	555	565	600	0	0	0	590	0	0
