10

37	0	0	0	38	0	19	0	54	60
0	12	54	0	41	0	34	17	26	42
0	54	21	13	0	0	57	0	0	0
0	0	13	0	0	56	11	0	0	0
38	41	0	0	31	61	0	24	24	0
0	0	0	56	61	0	52	0	29	38
19	34	57	11	0	52	15	42	0	0
0	17	0	0	24	0	42	9	23	0
54	26	0	0	24	29	0	23	0	0
60	42	0	0	0	38	0	0	0	21
