10

517	0	370	0	196	0	351	282	261	249
0	442	161	0	0	0	0	281	465	530
370	161	0	244	0	185	300	0	369	0
0	0	244	0	0	0	278	0	0	268
196	0	0	0	162	410	275	0	0	304
0	0	185	0	410	0	196	488	205	306
351	0	300	278	275	196	0	0	420	444
282	281	0	0	0	488	0	330	222	0
261	465	369	0	0	205	420	222	228	0
249	530	0	268	304	306	444	0	0	199
