10

232	170	122	376	435	109	191	416	280	327
170	423	118	157	303	419	300	240	374	201
122	118	266	146	368	320	380	161	313	326
376	157	146	386	191	374	331	334	420	357
435	303	368	191	245	141	413	83	126	312
109	419	320	374	141	405	81	57	93	64
191	300	380	331	413	81	400	210	375	439
416	240	161	334	83	57	210	269	352	224
280	374	313	420	126	93	375	352	422	286
327	201	326	357	312	64	439	224	286	369
