10

469	302	294	393	470	321	378	295	390	430
302	385	444	445	383	478	472	498	353	459
294	444	421	390	355	277	364	281	453	323
393	445	390	489	355	464	484	485	288	472
470	383	355	355	453	437	481	490	359	287
321	478	277	464	437	502	368	438	364	278
378	472	364	484	481	368	453	331	383	447
295	498	281	485	490	438	331	318	299	500
390	353	453	288	359	364	383	299	445	405
430	459	323	472	287	278	447	500	405	454
