10

950	961	909	933	923	966	974	913	959	929
961	941	983	906	923	928	972	971	907	944
909	983	962	930	944	974	976	904	980	909
933	906	930	905	911	912	932	913	927	954
923	923	944	911	964	974	913	948	918	920
966	928	974	912	974	957	925	975	924	926
974	972	976	932	913	925	934	906	942	918
913	971	904	913	948	975	906	978	905	938
959	907	980	927	918	924	942	905	910	980
929	944	909	954	920	926	918	938	980	905
