10

47	27	173	41	178	34	227	45	227	93
27	185	56	161	170	29	108	204	17	248
173	56	266	152	217	181	104	227	242	214
41	161	152	203	107	17	164	216	194	156
178	170	217	107	108	119	156	186	200	243
34	29	181	17	119	112	30	176	146	86
227	108	104	164	156	30	176	173	256	81
45	204	227	216	186	176	173	31	177	208
227	17	242	194	200	146	256	177	262	59
93	248	214	156	243	86	81	208	59	234
