10

347	430	557	466	0	247	0	635	501	565
430	593	330	409	501	470	479	0	509	0
557	330	0	353	493	0	499	399	247	415
466	409	353	507	0	490	403	515	407	0
0	501	493	0	457	402	471	0	0	226
247	470	0	490	402	580	0	643	585	0
0	479	499	403	471	0	604	505	441	0
635	0	399	515	0	643	505	428	566	574
501	509	247	407	0	585	441	566	299	444
565	0	415	0	226	0	0	574	444	301
