10

634	610	591	455	536	691	508	583	670	436
610	444	663	590	485	491	659	485	452	650
591	663	423	526	642	659	630	519	663	541
455	590	526	546	494	598	447	663	592	542
536	485	642	494	486	542	553	649	685	500
691	491	659	598	542	692	686	607	537	438
508	659	630	447	553	686	670	641	495	596
583	485	519	663	649	607	641	429	481	668
670	452	663	592	685	537	495	481	571	591
436	650	541	542	500	438	596	668	591	679
