10

872	833	876	837	866	824	875	838	827	876
833	853	858	881	836	834	864	823	856	826
876	858	841	840	825	871	832	832	870	884
837	881	840	832	836	857	837	847	870	826
866	836	825	836	884	865	872	835	826	829
824	834	871	857	865	824	848	876	870	839
875	864	832	837	872	848	834	856	879	850
838	823	832	847	835	876	856	864	830	857
827	856	870	870	826	870	879	830	841	867
876	826	884	826	829	839	850	857	867	835
