10

103	198	208	226	125	186	252	119	188	246
198	154	144	106	114	205	102	113	162	252
208	144	216	173	113	164	213	149	178	194
226	106	173	224	92	115	167	114	175	160
125	114	113	92	111	215	218	164	168	100
186	205	164	115	215	200	207	120	108	96
252	102	213	167	218	207	235	230	140	240
119	113	149	114	164	120	230	245	138	255
188	162	178	175	168	108	140	138	158	159
246	252	194	160	100	96	240	255	159	195
