10

930	879	940	917	855	876	931	885	866	858
879	916	922	910	868	936	911	909	849	854
940	922	863	931	862	915	932	908	853	890
917	910	931	868	918	849	941	880	929	905
855	868	862	918	909	869	886	890	859	841
876	936	915	849	869	849	932	858	921	870
931	911	932	941	886	932	860	867	841	928
885	909	908	880	890	858	867	922	858	863
866	849	853	929	859	921	841	858	884	930
858	854	890	905	841	870	928	863	930	893
