10

633	666	728	657	685	715	657	672	639	630
666	645	694	731	706	662	711	723	714	676
728	694	660	678	662	694	651	692	676	665
657	731	678	720	649	697	714	656	655	697
685	706	662	649	694	713	661	642	627	707
715	662	694	697	713	661	695	710	658	689
657	711	651	714	661	695	704	731	662	703
672	723	692	656	642	710	731	663	650	676
639	714	676	655	627	658	662	650	689	661
630	676	665	697	707	689	703	676	661	702
