10

212	325	307	286	277	299	264	188	177	182
325	299	177	202	324	304	312	326	318	307
307	177	175	208	177	271	197	258	217	321
286	202	208	181	227	178	186	236	267	291
277	324	177	227	297	309	296	185	261	256
299	304	271	178	309	263	259	223	230	317
264	312	197	186	296	259	192	179	301	287
188	326	258	236	185	223	179	292	218	270
177	318	217	267	261	230	301	218	226	206
182	307	321	291	256	317	287	270	206	293
