10

420	500	376	352	472	341	480	446	497	486
500	404	468	394	347	426	450	366	392	490
376	468	461	462	499	430	388	343	494	356
352	394	462	346	478	505	502	514	334	500
472	347	499	478	394	449	408	519	479	475
341	426	430	505	449	430	472	492	465	402
480	450	388	502	408	472	508	413	511	501
446	366	343	514	519	492	413	508	364	348
497	392	494	334	479	465	511	364	336	402
486	490	356	500	475	402	501	348	402	520
