10

300	290	300	286	305	291	299	293	306	295
290	286	297	277	294	302	285	296	280	289
300	297	293	277	277	300	278	304	303	294
286	277	277	292	307	296	290	293	288	307
305	294	277	307	307	295	281	282	291	282
291	302	300	296	295	279	282	305	288	301
299	285	278	290	281	282	288	284	283	285
293	296	304	293	282	305	284	298	304	291
306	280	303	288	291	288	283	304	279	304
295	289	294	307	282	301	285	291	304	296
