10

343	380	215	470	371	323	427	134	370	161
380	511	431	158	172	239	222	472	126	270
215	431	265	396	450	151	427	386	160	440
470	158	396	501	348	208	468	166	243	128
371	172	450	348	142	259	225	179	445	152
323	239	151	208	259	134	526	343	243	390
427	222	427	468	225	526	213	502	176	257
134	472	386	166	179	343	502	518	474	405
370	126	160	243	445	243	176	474	417	357
161	270	440	128	152	390	257	405	357	269
