10

451	419	436	0	419	0	507	532	472	431
419	485	506	458	441	438	425	359	433	401
436	506	510	0	374	469	475	545	420	0
0	458	0	472	0	360	0	399	412	0
419	441	374	0	439	383	0	0	548	448
0	438	469	360	383	502	541	0	514	436
507	425	475	0	0	541	536	0	536	362
532	359	545	399	0	0	0	511	510	495
472	433	420	412	548	514	536	510	441	413
431	401	0	0	448	436	362	495	413	0
