10

683	677	689	738	694	675	683	725	675	743
677	728	674	701	699	710	713	679	687	726
689	674	696	705	712	720	707	743	675	739
738	701	705	739	713	743	718	674	684	679
694	699	712	713	713	730	698	674	723	688
675	710	720	743	730	678	721	690	675	727
683	713	707	718	698	721	699	693	725	675
725	679	743	674	674	690	693	692	740	728
675	687	675	684	723	675	725	740	709	683
743	726	739	679	688	727	675	728	683	732
