10

0	529	229	538	0	0	485	0	353	0
529	323	184	379	0	0	205	370	0	615
229	184	0	0	340	0	289	0	0	416
538	379	0	180	205	478	0	534	0	403
0	0	340	205	448	186	251	615	568	0
0	0	0	478	186	159	424	0	539	0
485	205	289	0	251	424	206	407	211	515
0	370	0	534	615	0	407	0	316	385
353	0	0	0	568	539	211	316	334	0
0	615	416	403	0	0	515	385	0	276
