10

0	368	389	402	371	388	0	402	385	392
368	393	399	399	368	372	394	373	382	386
389	399	396	372	367	388	392	405	403	0
402	399	372	369	387	0	377	369	378	392
371	368	367	387	387	374	394	0	375	0
388	372	388	0	374	0	0	369	0	402
0	394	392	377	394	0	0	396	367	0
402	373	405	369	0	369	396	378	0	365
385	382	403	378	375	0	367	0	0	0
392	386	0	392	0	402	0	365	0	0
