10

0	348	0	0	610	622	0	638	582	407
348	310	342	424	453	596	479	485	0	494
0	342	484	520	0	342	639	641	419	631
0	424	520	0	340	0	512	0	364	636
610	453	0	340	531	0	351	588	646	487
622	596	342	0	0	420	0	627	538	444
0	479	639	512	351	0	316	486	546	525
638	485	641	0	588	627	486	0	460	0
582	0	419	364	646	538	546	460	437	628
407	494	631	636	487	444	525	0	628	287
