10

57	236	132	18	40	198	246	245	82	143
236	122	148	72	101	62	73	84	161	151
132	148	189	248	251	46	199	144	59	160
18	72	248	216	108	177	198	68	205	59
40	101	251	108	197	153	15	61	274	247
198	62	46	177	153	220	153	215	112	83
246	73	199	198	15	153	182	87	116	34
245	84	144	68	61	215	87	151	171	32
82	161	59	205	274	112	116	171	110	22
143	151	160	59	247	83	34	32	22	186
