10

85	171	123	286	0	0	163	0	149	0
171	104	82	0	167	133	0	262	0	181
123	82	99	248	282	0	200	0	0	96
286	0	248	98	161	146	227	0	230	130
0	167	282	161	155	172	272	82	265	67
0	133	0	146	172	0	0	0	0	69
163	0	200	227	272	0	164	165	143	0
0	262	0	0	82	0	165	75	257	0
149	0	0	230	265	0	143	257	0	122
0	181	96	130	67	69	0	0	122	0
