10

43	22	12	26	30	35	13	25	12	37
22	32	46	25	25	39	38	44	26	39
12	46	45	46	26	26	25	40	11	24
26	25	46	44	28	13	21	32	33	24
30	25	26	28	44	46	29	37	15	32
35	39	26	13	46	31	26	12	37	22
13	38	25	21	29	26	24	17	38	44
25	44	40	32	37	12	17	17	36	26
12	26	11	33	15	37	38	36	18	27
37	39	24	24	32	22	44	26	27	46
