10

195	330	356	415	448	549	286	462	595	174
330	423	300	129	490	415	525	384	195	388
356	300	465	590	422	217	205	295	261	165
415	129	590	197	571	335	553	227	500	610
448	490	422	571	495	585	206	597	487	411
549	415	217	335	585	406	142	569	623	294
286	525	205	553	206	142	381	205	501	380
462	384	295	227	597	569	205	431	195	395
595	195	261	500	487	623	501	195	419	484
174	388	165	610	411	294	380	395	484	197
