10

946	937	926	913	942	932	941	948	933	948
937	912	923	917	935	899	928	900	919	911
926	923	937	919	906	929	897	938	922	921
913	917	919	889	918	891	907	901	929	913
942	935	906	918	919	905	928	916	904	889
932	899	929	891	905	928	924	929	929	900
941	928	897	907	928	924	935	935	948	945
948	900	938	901	916	929	935	933	912	920
933	919	922	929	904	929	948	912	919	936
948	911	921	913	889	900	945	920	936	899
