10

282	291	334	357	313	291	326	362	259	375
291	273	227	329	359	307	310	333	276	343
334	227	258	286	280	331	282	245	328	255
357	329	286	265	338	372	336	277	336	327
313	359	280	338	230	320	358	297	308	323
291	307	331	372	320	304	357	358	368	243
326	310	282	336	358	357	244	326	344	281
362	333	245	277	297	358	326	242	254	281
259	276	328	336	308	368	344	254	260	270
375	343	255	327	323	243	281	281	270	322
