10

155	173	0	0	330	0	277	0	405	0
173	294	0	344	226	210	0	428	264	0
0	0	469	0	310	277	0	0	314	209
0	344	0	163	264	256	342	166	341	379
330	226	310	264	0	0	0	0	0	384
0	210	277	256	0	227	167	177	0	0
277	0	0	342	0	167	0	0	201	426
0	428	0	166	0	177	0	0	266	264
405	264	314	341	0	0	201	266	249	299
0	0	209	379	384	0	426	264	299	290
