10

0	457	0	0	0	0	0	516	0	484
457	0	0	471	445	0	0	0	438	0
0	0	0	0	0	433	0	0	0	0
0	471	0	0	511	440	0	0	515	0
0	445	0	511	512	0	442	493	0	0
0	0	433	440	0	514	438	0	0	0
0	0	0	0	442	438	440	456	0	0
516	0	0	0	493	0	456	0	0	478
0	438	0	515	0	0	0	0	0	445
484	0	0	0	0	0	0	478	445	465
