10

252	342	341	393	848	321	924	415	247	950
342	803	951	598	410	297	952	429	762	972
341	951	530	848	910	459	741	548	746	307
393	598	848	249	768	846	316	626	685	274
848	410	910	768	332	740	859	836	941	965
321	297	459	846	740	436	875	865	851	754
924	952	741	316	859	875	826	384	852	245
415	429	548	626	836	865	384	575	859	519
247	762	746	685	941	851	852	859	613	748
950	972	307	274	965	754	245	519	748	512
