10

920	865	842	686	831	587	561	798	682	487
865	414	615	653	888	454	813	694	407	978
842	615	906	713	436	696	510	843	672	833
686	653	713	733	669	684	494	857	858	484
831	888	436	669	441	671	673	407	921	870
587	454	696	684	671	557	793	681	617	718
561	813	510	494	673	793	898	964	641	898
798	694	843	857	407	681	964	915	604	454
682	407	672	858	921	617	641	604	712	841
487	978	833	484	870	718	898	454	841	412
