10

571	523	513	584	583	581	526	579	540	523
523	562	595	523	577	559	520	552	514	579
513	595	519	524	534	528	535	584	553	569
584	523	524	591	590	550	514	568	566	577
583	577	534	590	520	531	551	533	593	567
581	559	528	550	531	587	528	579	592	556
526	520	535	514	551	528	537	538	573	526
579	552	584	568	533	579	538	544	544	542
540	514	553	566	593	592	573	544	521	538
523	579	569	577	567	556	526	542	538	598
