10

72	82	85	119	99	90	101	109	107	67
82	84	100	114	87	118	85	103	90	97
85	100	83	118	109	113	107	94	80	68
119	114	118	119	116	81	70	116	109	92
99	87	109	116	115	94	67	112	113	88
90	118	113	81	94	82	108	81	121	68
101	85	107	70	67	108	76	84	83	100
109	103	94	116	112	81	84	121	117	101
107	90	80	109	113	121	83	117	93	112
67	97	68	92	88	68	100	101	112	96
