10

0	0	0	414	428	0	0	0	0	0
0	329	331	357	0	448	0	428	0	0
0	331	429	425	0	433	357	0	0	0
414	357	425	352	448	0	410	318	0	0
428	0	0	448	0	347	0	0	408	0
0	448	433	0	347	341	419	0	422	0
0	0	357	410	0	419	0	0	0	0
0	428	0	318	0	0	0	400	0	0
0	0	0	0	408	422	0	0	0	0
0	0	0	0	0	0	0	0	0	0
