10

610	823	593	949	864	953	648	797	669	662
823	588	617	637	911	877	850	825	732	576
593	617	848	654	697	554	750	742	621	853
949	637	654	907	866	619	825	895	747	712
864	911	697	866	726	940	866	585	552	899
953	877	554	619	940	696	954	836	556	813
648	850	750	825	866	954	743	744	778	793
797	825	742	895	585	836	744	712	692	567
669	732	621	747	552	556	778	692	759	715
662	576	853	712	899	813	793	567	715	766
