10

0	0	0	0	0	0	0	192	155	0
0	0	0	0	0	0	0	0	218	189
0	0	0	0	169	177	208	128	0	210
0	0	0	109	120	159	91	0	205	0
0	0	169	120	80	0	0	0	0	115
0	0	177	159	0	0	0	161	211	0
0	0	208	91	0	0	125	209	0	132
192	0	128	0	0	161	209	88	124	89
155	218	0	205	0	211	0	124	0	0
0	189	210	0	115	0	132	89	0	0
