10

353	597	398	618	392	672	453	246	728	434
597	631	399	789	382	384	740	588	345	784
398	399	794	697	233	423	284	642	614	780
618	789	697	264	646	755	345	639	465	347
392	382	233	646	374	530	511	616	796	544
672	384	423	755	530	456	526	781	637	533
453	740	284	345	511	526	417	643	411	261
246	588	642	639	616	781	643	407	722	540
728	345	614	465	796	637	411	722	358	572
434	784	780	347	544	533	261	540	572	710
