10

180	207	0	170	135	203	157	0	214	0
207	177	158	219	218	233	0	0	153	173
0	158	0	177	0	125	155	0	183	198
170	219	177	0	202	0	159	0	153	207
135	218	0	202	214	169	0	208	185	217
203	233	125	0	169	174	0	200	217	183
157	0	155	159	0	0	154	172	0	179
0	0	0	0	208	200	172	210	150	0
214	153	183	153	185	217	0	150	230	132
0	173	198	207	217	183	179	0	132	235
