10

598	649	680	581	596	732	717	683	603	650
649	540	706	634	631	564	620	617	646	721
680	706	643	689	609	666	639	615	695	651
581	634	689	592	623	620	575	710	540	625
596	631	609	623	640	676	706	616	717	627
732	564	666	620	676	673	711	722	593	717
717	620	639	575	706	711	687	721	685	613
683	617	615	710	616	722	721	701	634	596
603	646	695	540	717	593	685	634	587	650
650	721	651	625	627	717	613	596	650	664
