10

92	29	74	66	43	35	101	56	39	47
29	67	105	57	97	71	79	83	58	58
74	105	26	84	80	105	80	70	63	83
66	57	84	67	51	85	27	49	55	52
43	97	80	51	86	33	39	32	44	98
35	71	105	85	33	52	64	88	31	86
101	79	80	27	39	64	61	53	31	58
56	83	70	49	32	88	53	74	55	104
39	58	63	55	44	31	31	55	106	74
47	58	83	52	98	86	58	104	74	58
