10

519	497	366	446	404	425	433	551	484	426
497	365	453	469	501	396	511	414	441	352
366	453	411	499	356	474	411	526	493	350
446	469	499	470	480	510	498	392	367	352
404	501	356	480	334	384	401	418	412	357
425	396	474	510	384	346	451	435	370	550
433	511	411	498	401	451	543	424	528	541
551	414	526	392	418	435	424	373	461	382
484	441	493	367	412	370	528	461	401	550
426	352	350	352	357	550	541	382	550	466
