10

746	340	249	726	242	436	564	353	343	641
340	320	675	608	442	348	605	589	445	368
249	675	401	545	691	527	481	639	664	537
726	608	545	425	247	478	435	462	332	396
242	442	691	247	336	462	262	375	377	459
436	348	527	478	462	497	395	448	483	595
564	605	481	435	262	395	289	370	383	425
353	589	639	462	375	448	370	233	301	655
343	445	664	332	377	483	383	301	314	711
641	368	537	396	459	595	425	655	711	207
