10

11	102	129	174	144	81	137	98	77	91
102	74	147	44	85	10	147	117	76	34
129	147	167	96	80	104	113	13	178	59
174	44	96	48	172	126	155	97	41	69
144	85	80	172	153	56	46	142	93	94
81	10	104	126	56	92	122	122	91	144
137	147	113	155	46	122	51	154	156	69
98	117	13	97	142	122	154	91	4	54
77	76	178	41	93	91	156	4	28	81
91	34	59	69	94	144	69	54	81	139
