10

22	7	19	0	0	18	0	0	19	0
7	0	0	0	13	20	0	0	0	9
19	0	23	0	21	23	0	22	7	22
0	0	0	0	18	9	22	13	0	22
0	13	21	18	22	0	25	18	19	17
18	20	23	9	0	0	0	0	16	0
0	0	0	22	25	0	0	24	0	15
0	0	22	13	18	0	24	13	12	17
19	0	7	0	19	16	0	12	20	14
0	9	22	22	17	0	15	17	14	10
