10

0	0	0	0	0	305	411	0	0	0
0	420	360	0	284	0	0	363	0	322
0	360	417	304	281	0	359	407	0	419
0	0	304	0	410	0	0	0	0	0
0	284	281	410	0	0	0	0	0	0
305	0	0	0	0	0	0	0	0	0
411	0	359	0	0	0	327	315	421	0
0	363	407	0	0	0	315	305	0	0
0	0	0	0	0	0	421	0	0	0
0	322	419	0	0	0	0	0	0	258
