10

21	20	5	14	15	20	18	1	17	16
20	16	11	2	1	14	2	3	12	14
5	11	1	5	3	18	16	1	8	10
14	2	5	15	22	1	18	6	20	9
15	1	3	22	20	14	2	10	4	18
20	14	18	1	14	21	8	5	11	5
18	2	16	18	2	8	13	19	17	17
1	3	1	6	10	5	19	17	19	12
17	12	8	20	4	11	17	19	3	21
16	14	10	9	18	5	17	12	21	4
