10

247	211	302	242	294	244	245	294	234	249
211	252	222	265	306	305	272	230	250	214
302	222	305	239	276	209	246	219	251	239
242	265	239	309	275	255	229	268	197	212
294	306	276	275	255	274	277	278	264	251
244	305	209	255	274	308	263	221	220	245
245	272	246	229	277	263	209	247	258	289
294	230	219	268	278	221	247	236	230	270
234	250	251	197	264	220	258	230	217	224
249	214	239	212	251	245	289	270	224	287
