10

131	158	0	0	0	125	128	0	141	158
158	126	130	137	124	142	135	153	126	145
0	130	0	155	0	136	132	0	0	0
0	137	155	134	0	148	156	156	0	143
0	124	0	0	129	147	157	0	142	0
125	142	136	148	147	138	136	0	136	0
128	135	132	156	157	136	143	0	153	125
0	153	0	156	0	0	0	141	125	0
141	126	0	0	142	136	153	125	0	122
158	145	0	143	0	0	125	0	122	132
