10

492	469	471	475	488	475	472	500	470	487
469	481	490	489	477	472	501	496	492	473
471	490	480	486	482	501	474	476	500	488
475	489	486	491	488	499	495	489	490	481
488	477	482	488	497	483	486	473	475	478
475	472	501	499	483	470	474	501	490	483
472	501	474	495	486	474	471	472	472	479
500	496	476	489	473	501	472	488	494	480
470	492	500	490	475	490	472	494	471	487
487	473	488	481	478	483	479	480	487	489
