10

504	689	259	308	460	513	0	0	0	0
689	621	459	663	532	394	496	419	362	0
259	459	271	0	0	640	551	639	291	331
308	663	0	0	0	0	541	0	339	0
460	532	0	0	656	556	665	600	0	528
513	394	640	0	556	529	397	529	0	0
0	496	551	541	665	397	0	258	358	655
0	419	639	0	600	529	258	412	0	344
0	362	291	339	0	0	358	0	0	325
0	0	331	0	528	0	655	344	325	0
