10

844	0	0	672	556	893	755	722	0	0
0	0	0	713	730	885	0	0	0	755
0	0	619	678	523	682	0	0	669	559
672	713	678	633	592	0	715	0	833	647
556	730	523	592	830	846	677	903	868	680
893	885	682	0	846	574	876	650	0	924
755	0	0	715	677	876	0	776	0	0
722	0	0	0	903	650	776	0	0	875
0	0	669	833	868	0	0	0	905	0
0	755	559	647	680	924	0	875	0	570
