10

804	695	791	679	720	783	764	767	793	674
695	763	708	794	755	649	723	678	767	795
791	708	663	679	733	796	696	672	663	729
679	794	679	770	656	708	688	768	679	763
720	755	733	656	782	712	765	743	745	761
783	649	796	708	712	772	780	754	760	719
764	723	696	688	765	780	735	732	729	702
767	678	672	768	743	754	732	704	647	722
793	767	663	679	745	760	729	647	709	800
674	795	729	763	761	719	702	722	800	711
