10

327	191	171	182	333	151	313	305	197	270
191	263	326	267	366	147	328	331	306	168
171	326	273	213	330	175	255	281	149	211
182	267	213	292	263	332	280	272	276	184
333	366	330	263	354	315	352	349	306	361
151	147	175	332	315	290	348	369	362	197
313	328	255	280	352	348	373	211	142	155
305	331	281	272	349	369	211	237	267	246
197	306	149	276	306	362	142	267	211	142
270	168	211	184	361	197	155	246	142	299
