10

459	309	361	486	486	659	512	593	484	341
309	572	791	820	570	432	825	453	409	786
361	791	500	779	466	808	843	683	323	689
486	820	779	776	412	453	440	351	652	468
486	570	466	412	724	706	871	553	491	777
659	432	808	453	706	699	308	464	843	317
512	825	843	440	871	308	437	520	490	636
593	453	683	351	553	464	520	755	653	632
484	409	323	652	491	843	490	653	548	612
341	786	689	468	777	317	636	632	612	437
