10

784	880	832	828	876	849	800	684	687	927
880	790	753	928	934	810	738	745	791	655
832	753	825	735	672	873	676	843	855	655
828	928	735	783	682	755	926	868	869	696
876	934	672	682	892	782	837	769	871	941
849	810	873	755	782	731	887	689	937	855
800	738	676	926	837	887	744	920	763	885
684	745	843	868	769	689	920	725	736	784
687	791	855	869	871	937	763	736	762	837
927	655	655	696	941	855	885	784	837	862
