10

208	233	221	282	214	248	258	256	284	228
233	214	242	222	225	225	183	240	273	228
221	242	254	211	280	218	244	231	237	204
282	222	211	260	225	202	208	197	266	244
214	225	280	225	190	251	252	247	250	192
248	225	218	202	251	231	266	250	209	207
258	183	244	208	252	266	234	256	274	176
256	240	231	197	247	250	256	273	231	208
284	273	237	266	250	209	274	231	217	210
228	228	204	244	192	207	176	208	210	274
