10

309	312	312	305	305	309	315	308	308	310
312	313	306	306	306	309	310	313	305	313
312	306	316	311	309	310	311	310	311	305
305	306	311	308	312	307	315	313	316	313
305	306	309	312	313	308	306	311	315	313
309	309	310	307	308	316	314	315	306	314
315	310	311	315	306	314	309	305	309	315
308	313	310	313	311	315	305	306	307	305
308	305	311	316	315	306	309	307	310	305
310	313	305	313	313	314	315	305	305	305
