10

389	309	288	350	276	304	297	338	331	341
309	294	278	391	266	328	250	311	330	350
288	278	265	240	384	250	331	366	334	322
350	391	240	330	375	250	292	356	279	373
276	266	384	375	330	316	288	337	382	389
304	328	250	250	316	366	258	309	341	387
297	250	331	292	288	258	316	300	390	353
338	311	366	356	337	309	300	354	327	252
331	330	334	279	382	341	390	327	262	309
341	350	322	373	389	387	353	252	309	374
