10

747	808	796	547	615	697	717	741	778	508
808	435	623	547	627	823	762	630	440	469
796	623	595	661	707	740	755	725	627	562
547	547	661	629	669	496	450	525	650	692
615	627	707	669	717	572	522	590	718	491
697	823	740	496	572	453	803	505	678	446
717	762	755	450	522	803	560	528	604	501
741	630	725	525	590	505	528	839	583	811
778	440	627	650	718	678	604	583	714	784
508	469	562	692	491	446	501	811	784	771
