10

90	53	47	71	58	15	45	77	31	44
53	76	70	0	13	30	10	0	0	0
47	70	53	72	53	59	83	28	20	66
71	0	72	27	61	69	16	51	56	46
58	13	53	61	38	49	0	0	34	0
15	30	59	69	49	80	0	0	40	17
45	10	83	16	0	0	58	24	45	0
77	0	28	51	0	0	24	51	73	85
31	0	20	56	34	40	45	73	49	0
44	0	66	46	0	17	0	85	0	32
