10

101	219	224	62	48	78	79	152	185	117
219	123	219	59	88	193	218	161	58	111
224	219	159	207	144	187	204	96	105	36
62	59	207	181	95	90	157	38	127	84
48	88	144	95	89	35	62	91	80	36
78	193	187	90	35	46	133	163	59	61
79	218	204	157	62	133	107	66	195	54
152	161	96	38	91	163	66	181	103	202
185	58	105	127	80	59	195	103	38	104
117	111	36	84	36	61	54	202	104	225
