10

188	105	418	402	462	350	169	247	86	276
105	296	200	296	231	198	174	296	273	536
418	200	326	119	116	279	331	524	96	146
402	296	119	303	439	130	186	99	205	406
462	231	116	439	369	381	499	256	223	353
350	198	279	130	381	316	168	367	484	146
169	174	331	186	499	168	232	354	376	155
247	296	524	99	256	367	354	187	259	475
86	273	96	205	223	484	376	259	152	238
276	536	146	406	353	146	155	475	238	169
