10

931	763	735	694	839	835	731	689	932	739
763	712	698	853	702	812	689	875	850	834
735	698	874	741	692	755	865	729	716	892
694	853	741	756	900	893	821	918	875	905
839	702	692	900	784	886	862	783	758	862
835	812	755	893	886	721	798	924	878	692
731	689	865	821	862	798	832	937	784	741
689	875	729	918	783	924	937	711	870	807
932	850	716	875	758	878	784	870	896	686
739	834	892	905	862	692	741	807	686	793
