10

0	0	129	99	125	126	260	0	0	125
0	0	0	0	0	0	0	0	72	97
129	0	0	126	75	118	0	114	0	97
99	0	126	130	0	89	0	0	0	0
125	0	75	0	100	133	280	156	0	143
126	0	118	89	133	0	0	0	0	149
260	0	0	0	280	0	0	0	193	139
0	0	114	0	156	0	0	0	0	0
0	72	0	0	0	0	193	0	95	287
125	97	97	0	143	149	139	0	287	49
