10

285	211	230	220	214	217	275	273	214	265
211	217	271	214	263	279	234	278	286	225
230	271	207	272	278	236	237	293	231	223
220	214	272	249	221	258	253	223	263	280
214	263	278	221	294	254	286	215	257	282
217	279	236	258	254	293	286	266	222	255
275	234	237	253	286	286	233	223	269	236
273	278	293	223	215	266	223	280	291	258
214	286	231	263	257	222	269	291	208	232
265	225	223	280	282	255	236	258	232	232
