10

534	552	532	567	531	528	0	0	554	539
552	530	0	556	568	566	576	598	0	562
532	0	567	567	560	587	591	0	587	560
567	556	567	594	538	546	0	0	568	589
531	568	560	538	577	575	555	571	535	0
528	566	587	546	575	0	581	0	539	575
0	576	591	0	555	581	544	0	583	586
0	598	0	0	571	0	0	589	569	582
554	0	587	568	535	539	583	569	582	535
539	562	560	589	0	575	586	582	535	565
