10

62	74	76	61	85	64	74	68	71	83
74	64	79	67	66	74	77	69	75	63
76	79	87	63	73	63	85	69	68	68
61	67	63	89	79	83	89	64	88	88
85	66	73	79	68	69	88	68	60	77
64	74	63	83	69	81	62	67	89	82
74	77	85	89	88	62	63	61	62	87
68	69	69	64	68	67	61	73	85	86
71	75	68	88	60	89	62	85	61	70
83	63	68	88	77	82	87	86	70	81
