10

0	0	149	168	142	134	0	170	0	158
0	141	0	137	0	179	0	158	170	146
149	0	160	149	0	0	0	152	0	0
168	137	149	0	142	0	0	0	0	0
142	0	0	142	142	163	0	134	173	148
134	179	0	0	163	0	0	153	0	0
0	0	0	0	0	0	0	147	146	0
170	158	152	0	134	153	147	158	154	182
0	170	0	0	173	0	146	154	0	0
158	146	0	0	148	0	0	182	0	129
