10

415	17	407	392	45	97	346	234	251	14
17	68	244	145	271	104	100	386	185	249
407	244	260	168	231	94	325	277	130	60
392	145	168	375	346	113	405	178	407	18
45	271	231	346	403	167	213	365	346	71
97	104	94	113	167	359	139	357	345	206
346	100	325	405	213	139	334	436	218	294
234	386	277	178	365	357	436	431	189	339
251	185	130	407	346	345	218	189	56	263
14	249	60	18	71	206	294	339	263	154
