10

209	221	225	190	215	204	193	197	231	211
221	212	192	196	221	211	196	231	226	212
225	192	210	216	223	222	190	224	197	209
190	196	216	219	194	214	217	191	189	184
215	221	223	194	219	200	230	200	221	186
204	211	222	214	200	221	217	193	215	228
193	196	190	217	230	217	216	218	206	211
197	231	224	191	200	193	218	186	213	225
231	226	197	189	221	215	206	213	224	201
211	212	209	184	186	228	211	225	201	198
