10

97	0	90	0	0	91	97	0	92	97
0	96	93	93	92	92	94	0	91	91
90	93	95	0	0	93	0	91	95	92
0	93	0	90	96	91	96	91	96	95
0	92	0	96	96	93	91	97	91	94
91	92	93	91	93	94	96	91	91	0
97	94	0	96	91	96	95	0	97	97
0	0	91	91	97	91	0	93	91	92
92	91	95	96	91	91	97	91	92	96
97	91	92	95	94	0	97	92	96	0
