10

885	816	670	915	716	606	809	903	592	632
816	889	852	932	631	848	690	731	908	889
670	852	781	754	828	916	837	735	680	836
915	932	754	722	748	842	708	756	629	675
716	631	828	748	588	768	773	907	838	895
606	848	916	842	768	765	661	572	577	739
809	690	837	708	773	661	637	865	742	578
903	731	735	756	907	572	865	897	615	644
592	908	680	629	838	577	742	615	810	590
632	889	836	675	895	739	578	644	590	846
