10

0	0	0	0	0	0	376	539	411	0
0	437	0	559	0	0	0	0	0	586
0	0	579	391	0	0	0	0	0	0
0	559	391	562	0	0	554	631	542	0
0	0	0	0	0	409	0	0	623	517
0	0	0	0	409	564	0	418	608	380
376	0	0	554	0	0	0	0	394	0
539	0	0	631	0	418	0	526	549	0
411	0	0	542	623	608	394	549	577	0
0	586	0	0	517	380	0	0	0	0
