10

296	565	695	519	542	213	749	729	229	579
565	555	470	383	313	807	530	438	186	203
695	470	802	221	581	550	813	432	613	616
519	383	221	844	755	492	778	327	633	461
542	313	581	755	723	827	676	612	420	368
213	807	550	492	827	553	480	557	215	446
749	530	813	778	676	480	412	803	851	203
729	438	432	327	612	557	803	727	566	750
229	186	613	633	420	215	851	566	472	805
579	203	616	461	368	446	203	750	805	641
