10

556	772	0	703	0	564	0	745	462	687
772	631	481	654	0	622	0	706	710	778
0	481	586	748	517	610	487	624	699	578
703	654	748	690	563	694	713	510	572	772
0	0	517	563	677	469	455	650	480	715
564	622	610	694	469	594	709	756	742	783
0	0	487	713	455	709	479	641	732	771
745	706	624	510	650	756	641	587	614	0
462	710	699	572	480	742	732	614	608	595
687	778	578	772	715	783	771	0	595	771
