10

88	90	0	59	0	59	65	0	0	47
90	87	90	0	0	53	76	44	78	0
0	90	52	70	0	61	86	54	0	0
59	0	70	59	0	63	88	0	59	57
0	0	0	0	43	46	68	45	0	62
59	53	61	63	46	0	46	64	51	51
65	76	86	88	68	46	0	54	42	0
0	44	54	0	45	64	54	52	61	0
0	78	0	59	0	51	42	61	0	52
47	0	0	57	62	51	0	0	52	49
