10

830	830	764	859	785	768	854	789	834	859
830	780	820	807	853	847	818	846	789	854
764	820	849	773	792	769	770	783	835	828
859	807	773	837	844	802	747	867	744	807
785	853	792	844	850	752	849	851	789	773
768	847	769	802	752	865	847	813	809	750
854	818	770	747	849	847	861	747	828	822
789	846	783	867	851	813	747	841	842	774
834	789	835	744	789	809	828	842	775	809
859	854	828	807	773	750	822	774	809	844
