10

0	140	0	254	0	0	0	159	0	0
140	0	119	0	226	0	0	0	267	131
0	119	0	0	96	258	0	332	0	0
254	0	0	373	0	0	0	175	0	0
0	226	96	0	0	0	158	186	122	0
0	0	258	0	0	0	417	450	0	204
0	0	0	0	158	417	123	340	255	109
159	0	332	175	186	450	340	350	0	278
0	267	0	0	122	0	255	0	0	0
0	131	0	0	0	204	109	278	0	0
