10

625	321	175	122	174	150	332	269	540	412
321	557	274	348	264	181	466	540	459	445
175	274	560	358	443	370	540	467	584	640
122	348	358	209	469	478	485	365	531	203
174	264	443	469	619	556	259	216	431	240
150	181	370	478	556	471	293	496	377	166
332	466	540	485	259	293	259	596	132	130
269	540	467	365	216	496	596	191	311	417
540	459	584	531	431	377	132	311	596	376
412	445	640	203	240	166	130	417	376	319
