10

69	407	225	117	181	294	66	366	72	104
407	263	101	299	160	121	133	167	135	329
225	101	226	399	69	410	346	257	141	201
117	299	399	194	345	402	410	85	307	327
181	160	69	345	375	265	364	148	341	76
294	121	410	402	265	223	154	389	239	193
66	133	346	410	364	154	382	147	378	86
366	167	257	85	148	389	147	234	178	67
72	135	141	307	341	239	378	178	247	102
104	329	201	327	76	193	86	67	102	57
