10

112	108	104	108	105	110	107	107	112	109
108	106	106	113	114	116	104	114	105	103
104	106	109	106	108	112	115	106	114	109
108	113	106	105	109	114	111	108	104	112
105	114	108	109	108	105	114	110	107	108
110	116	112	114	105	109	111	103	105	103
107	104	115	111	114	111	103	112	104	109
107	114	106	108	110	103	112	103	114	104
112	105	114	104	107	105	104	114	111	113
109	103	109	112	108	103	109	104	113	105
