10

405	456	459	504	409	472	447	450	457	515
456	515	393	386	513	430	458	428	501	471
459	393	392	452	437	370	453	398	508	389
504	386	452	480	376	466	389	453	417	477
409	513	437	376	488	446	423	496	478	395
472	430	370	466	446	380	401	433	466	511
447	458	453	389	423	401	446	492	402	477
450	428	398	453	496	433	492	448	385	441
457	501	508	417	478	466	402	385	417	501
515	471	389	477	395	511	477	441	501	477
