10

505	492	765	749	455	439	618	638	638	768
492	551	660	724	582	549	735	754	544	699
765	660	655	697	680	513	599	699	738	667
749	724	697	581	672	526	552	596	590	572
455	582	680	672	591	545	429	598	524	514
439	549	513	526	545	535	502	421	594	450
618	735	599	552	429	502	612	628	549	665
638	754	699	596	598	421	628	664	676	522
638	544	738	590	524	594	549	676	677	709
768	699	667	572	514	450	665	522	709	580
