10

0	0	284	205	0	0	260	0	159	0
0	0	295	263	233	207	0	268	127	151
284	295	0	274	0	182	241	219	152	222
205	263	274	297	284	192	0	0	0	220
0	233	0	284	133	258	0	162	185	0
0	207	182	192	258	0	284	229	251	0
260	0	241	0	0	284	151	261	268	0
0	268	219	0	162	229	261	191	152	146
159	127	152	0	185	251	268	152	0	135
0	151	222	220	0	0	0	146	135	270
