10

654	732	728	652	667	653	558	629	606	596
732	575	597	611	642	704	611	610	566	665
728	597	734	587	699	582	594	631	602	716
652	611	587	602	554	580	697	708	579	725
667	642	699	554	573	577	719	667	561	668
653	704	582	580	577	595	551	703	662	702
558	611	594	697	719	551	551	719	694	688
629	610	631	708	667	703	719	611	588	614
606	566	602	579	561	662	694	588	611	718
596	665	716	725	668	702	688	614	718	603
