10

667	462	613	654	576	502	672	603	387	523
462	512	403	477	594	418	495	401	411	438
613	403	456	665	595	787	425	769	716	507
654	477	665	582	671	559	745	498	740	414
576	594	595	671	774	503	806	505	658	397
502	418	787	559	503	733	539	533	728	534
672	495	425	745	806	539	748	445	537	521
603	401	769	498	505	533	445	398	578	647
387	411	716	740	658	728	537	578	757	401
523	438	507	414	397	534	521	647	401	803
