10

923	803	804	893	830	775	756	549	703	716
803	637	817	640	783	951	847	534	686	934
804	817	718	643	793	570	920	689	643	606
893	640	643	599	870	750	900	846	934	672
830	783	793	870	781	580	605	960	874	679
775	951	570	750	580	828	848	922	957	892
756	847	920	900	605	848	861	627	847	747
549	534	689	846	960	922	627	673	754	635
703	686	643	934	874	957	847	754	688	939
716	934	606	672	679	892	747	635	939	684
