10

186	170	186	189	183	184	195	184	167	172
170	170	175	168	171	176	174	169	183	171
186	175	184	173	192	171	176	172	172	168
189	168	173	168	168	179	171	190	180	174
183	171	192	168	194	179	183	195	169	185
184	176	171	179	179	195	189	176	175	180
195	174	176	171	183	189	176	171	195	172
184	169	172	190	195	176	171	176	188	173
167	183	172	180	169	175	195	188	170	194
172	171	168	174	185	180	172	173	194	167
