10

0	0	0	216	0	0	0	0	158	253
0	0	0	0	0	0	0	279	0	0
0	0	220	275	275	0	0	0	149	0
216	0	275	239	0	0	169	0	0	0
0	0	275	0	0	0	267	0	0	0
0	0	0	0	0	0	0	220	0	0
0	0	0	169	267	0	228	248	0	0
0	279	0	0	0	220	248	0	0	0
158	0	149	0	0	0	0	0	0	248
253	0	0	0	0	0	0	0	248	0
