10

0	264	262	305	0	331	362	327	275	0
264	266	350	367	0	294	0	270	279	253
262	350	241	334	242	349	264	0	0	0
305	367	334	368	283	277	0	308	320	357
0	0	242	283	344	296	0	258	324	282
331	294	349	277	296	341	0	251	277	282
362	0	264	0	0	0	344	0	357	330
327	270	0	308	258	251	0	249	245	329
275	279	0	320	324	277	357	245	265	0
0	253	0	357	282	282	330	329	0	338
