10

183	198	188	197	0	198	194	0	189	0
198	183	183	181	182	181	181	0	0	192
188	183	0	184	0	198	181	0	198	187
197	181	184	185	0	0	196	182	0	0
0	182	0	0	0	193	198	190	191	184
198	181	198	0	193	181	187	0	191	0
194	181	181	196	198	187	197	0	0	186
0	0	0	182	190	0	0	184	181	194
189	0	198	0	191	191	0	181	0	191
0	192	187	0	184	0	186	194	191	0
