10

578	674	640	779	831	0	0	561	556	0
674	660	0	0	0	696	641	606	574	713
640	0	788	0	559	727	534	604	557	0
779	0	0	803	794	685	574	0	691	809
831	0	559	794	605	704	691	0	579	0
0	696	727	685	704	547	0	703	810	0
0	641	534	574	691	0	0	829	684	711
561	606	604	0	0	703	829	562	0	0
556	574	557	691	579	810	684	0	812	663
0	713	0	809	0	0	711	0	663	738
