10

32	20	28	32	31	29	25	28	27	25
20	30	22	32	26	21	25	25	29	21
28	22	33	25	20	35	28	21	23	24
32	32	25	22	35	31	21	23	29	34
31	26	20	35	24	20	22	21	34	33
29	21	35	31	20	22	24	21	23	20
25	25	28	21	22	24	25	35	29	33
28	25	21	23	21	21	35	32	22	21
27	29	23	29	34	23	29	22	27	20
25	21	24	34	33	20	33	21	20	34
