10

338	278	481	126	312	246	132	188	528	435
278	425	180	242	227	190	279	55	306	463
481	180	517	72	449	446	305	305	360	223
126	242	72	292	357	155	150	190	443	295
312	227	449	357	87	129	301	133	94	408
246	190	446	155	129	93	199	70	112	409
132	279	305	150	301	199	188	124	156	523
188	55	305	190	133	70	124	401	366	194
528	306	360	443	94	112	156	366	400	444
435	463	223	295	408	409	523	194	444	193
