10

292	800	799	742	548	270	211	887	544	658
800	443	304	216	880	248	578	326	477	197
799	304	618	585	294	458	264	738	414	432
742	216	585	331	511	887	271	698	973	824
548	880	294	511	237	775	785	309	206	832
270	248	458	887	775	535	856	165	362	427
211	578	264	271	785	856	822	625	434	719
887	326	738	698	309	165	625	523	964	798
544	477	414	973	206	362	434	964	736	284
658	197	432	824	832	427	719	798	284	779
