10

0	523	560	883	615	781	776	828	0	684
523	495	0	0	798	576	546	0	830	609
560	0	625	464	676	586	0	720	592	676
883	0	464	461	0	756	0	646	447	610
615	798	676	0	879	0	882	832	584	841
781	576	586	756	0	0	827	582	746	0
776	546	0	0	882	827	0	0	547	791
828	0	720	646	832	582	0	762	659	0
0	830	592	447	584	746	547	659	699	0
684	609	676	610	841	0	791	0	0	719
