10

897	891	860	921	877	875	871	871	893	896
891	914	885	901	905	928	871	910	906	916
860	885	850	889	900	863	890	908	893	908
921	901	889	876	899	928	928	895	899	899
877	905	900	899	910	895	899	890	911	894
875	928	863	928	895	884	895	889	876	906
871	871	890	928	899	895	919	861	893	857
871	910	908	895	890	889	861	893	895	862
893	906	893	899	911	876	893	895	901	905
896	916	908	899	894	906	857	862	905	922
