10

369	279	275	343	290	363	291	315	323	306
279	305	367	324	294	356	314	371	291	301
275	367	275	345	326	333	373	277	307	287
343	324	345	336	309	366	300	286	367	295
290	294	326	309	288	362	326	302	346	362
363	356	333	366	362	302	347	306	312	357
291	314	373	300	326	347	318	284	346	357
315	371	277	286	302	306	284	333	365	307
323	291	307	367	346	312	346	365	367	290
306	301	287	295	362	357	357	307	290	348
