10

28	0	0	0	0	32	0	27	46	0
0	0	42	28	0	0	0	0	0	0
0	42	32	0	31	0	0	0	0	0
0	28	0	0	0	25	0	25	0	0
0	0	31	0	0	39	0	33	43	0
32	0	0	25	39	44	33	0	0	0
0	0	0	0	0	33	0	0	34	40
27	0	0	25	33	0	0	0	40	40
46	0	0	0	43	0	34	40	0	0
0	0	0	0	0	0	40	40	0	0
