10

182	285	302	231	172	295	227	280	308	323
285	294	303	258	287	323	314	166	178	233
302	303	221	266	232	209	198	272	296	214
231	258	266	190	311	263	243	243	188	321
172	287	232	311	189	225	267	230	167	172
295	323	209	263	225	307	223	177	168	277
227	314	198	243	267	223	202	290	243	269
280	166	272	243	230	177	290	171	224	197
308	178	296	188	167	168	243	224	252	170
323	233	214	321	172	277	269	197	170	207
