10

454	394	480	653	708	437	687	825	692	328
394	636	629	691	505	771	729	575	827	672
480	629	450	347	388	795	593	602	461	512
653	691	347	438	759	427	419	529	381	546
708	505	388	759	695	581	549	736	820	456
437	771	795	427	581	528	554	446	592	698
687	729	593	419	549	554	740	338	766	837
825	575	602	529	736	446	338	573	476	360
692	827	461	381	820	592	766	476	629	665
328	672	512	546	456	698	837	360	665	591
