10

195	233	0	236	189	0	103	125	193	0
233	127	126	93	0	0	89	165	88	0
0	126	176	0	0	135	202	216	0	105
236	93	0	188	96	207	116	147	0	236
189	0	0	96	0	160	120	0	188	112
0	0	135	207	160	0	192	139	171	0
103	89	202	116	120	192	0	127	198	124
125	165	216	147	0	139	127	96	0	99
193	88	0	0	188	171	198	0	181	185
0	0	105	236	112	0	124	99	185	146
