10

36	9	32	27	12	36	37	29	39	9
9	20	13	8	16	20	18	22	39	28
32	13	37	34	20	22	10	19	24	12
27	8	34	11	9	17	15	35	30	21
12	16	20	9	8	22	31	30	35	17
36	20	22	17	22	39	19	17	25	24
37	18	10	15	31	19	25	7	32	15
29	22	19	35	30	17	7	22	28	32
39	39	24	30	35	25	32	28	32	35
9	28	12	21	17	24	15	32	35	32
