10

245	37	120	55	329	312	58	274	119	115
37	19	41	90	278	139	148	272	230	221
120	41	191	158	38	180	216	159	23	214
55	90	158	314	234	282	160	313	318	245
329	278	38	234	157	94	179	43	74	285
312	139	180	282	94	63	255	211	195	285
58	148	216	160	179	255	169	274	195	64
274	272	159	313	43	211	274	69	176	137
119	230	23	318	74	195	195	176	87	52
115	221	214	245	285	285	64	137	52	73
