10

769	0	0	0	745	806	752	802	901	794
0	0	875	914	0	922	891	0	0	706
0	875	0	907	0	0	761	0	754	938
0	914	907	773	0	0	898	0	827	0
745	0	0	0	705	892	0	0	926	750
806	922	0	0	892	0	938	797	0	882
752	891	761	898	0	938	0	0	0	828
802	0	0	0	0	797	0	722	736	0
901	0	754	827	926	0	0	736	846	855
794	706	938	0	750	882	828	0	855	744
