10

34	47	67	28	41	44	51	49	55	60
47	35	38	59	31	50	41	67	47	35
67	38	70	43	46	33	35	50	65	69
28	59	43	71	43	45	71	28	33	31
41	31	46	43	67	46	31	48	70	28
44	50	33	45	46	40	48	68	69	37
51	41	35	71	31	48	62	54	41	66
49	67	50	28	48	68	54	37	38	55
55	47	65	33	70	69	41	38	42	32
60	35	69	31	28	37	66	55	32	54
