10

398	394	377	387	327	335	352	357	405	368
394	361	375	382	330	334	377	416	368	311
377	375	323	355	382	406	342	352	375	399
387	382	355	436	435	313	412	338	315	440
327	330	382	435	384	397	392	412	435	320
335	334	406	313	397	311	340	385	389	318
352	377	342	412	392	340	423	392	318	391
357	416	352	338	412	385	392	343	403	354
405	368	375	315	435	389	318	403	353	365
368	311	399	440	320	318	391	354	365	413
