10

374	388	403	386	402	377	398	389	377	385
388	393	384	386	385	391	372	393	397	376
403	384	403	388	371	381	401	391	394	399
386	386	388	400	402	387	386	387	399	388
402	385	371	402	391	401	398	383	383	382
377	391	381	387	401	376	384	381	393	391
398	372	401	386	398	384	393	378	373	385
389	393	391	387	383	381	378	399	380	393
377	397	394	399	383	393	373	380	372	370
385	376	399	388	382	391	385	393	370	371
