10

503	545	554	496	468	515	546	641	522	511
545	607	521	511	644	485	489	586	638	492
554	521	601	514	575	563	580	625	583	509
496	511	514	565	541	642	540	523	541	612
468	644	575	541	635	525	535	598	471	517
515	485	563	642	525	587	591	587	564	555
546	489	580	540	535	591	471	528	565	597
641	586	625	523	598	587	528	534	604	483
522	638	583	541	471	564	565	604	511	509
511	492	509	612	517	555	597	483	509	640
