10

374	325	463	645	314	696	398	520	539	334
325	508	374	410	670	315	628	578	399	563
463	374	539	656	643	337	509	593	585	314
645	410	656	497	535	632	326	559	492	475
314	670	643	535	444	667	345	635	714	585
696	315	337	632	667	367	607	724	340	659
398	628	509	326	345	607	330	694	667	322
520	578	593	559	635	724	694	343	469	457
539	399	585	492	714	340	667	469	676	325
334	563	314	475	585	659	322	457	325	514
