10

359	344	330	212	228	419	318	146	338	200
344	294	404	261	317	237	218	233	359	401
330	404	361	382	408	242	332	289	287	220
212	261	382	180	341	232	349	420	387	335
228	317	408	341	326	159	207	243	211	418
419	237	242	232	159	158	323	193	202	297
318	218	332	349	207	323	285	286	203	378
146	233	289	420	243	193	286	196	231	148
338	359	287	387	211	202	203	231	215	193
200	401	220	335	418	297	378	148	193	302
