10

123	800	504	690	279	473	525	802	125	293
800	224	292	831	220	742	580	740	451	193
504	292	789	353	652	924	459	85	706	539
690	831	353	399	739	799	417	757	470	112
279	220	652	739	631	808	372	409	649	695
473	742	924	799	808	260	826	815	730	809
525	580	459	417	372	826	194	657	568	920
802	740	85	757	409	815	657	843	739	892
125	451	706	470	649	730	568	739	155	556
293	193	539	112	695	809	920	892	556	573
