10

390	611	431	332	752	284	570	318	313	354
611	243	267	501	595	215	688	629	462	556
431	267	511	258	451	265	779	396	471	240
332	501	258	248	301	727	237	589	260	315
752	595	451	301	617	488	549	785	432	768
284	215	265	727	488	260	476	527	597	305
570	688	779	237	549	476	608	652	780	224
318	629	396	589	785	527	652	244	248	346
313	462	471	260	432	597	780	248	642	531
354	556	240	315	768	305	224	346	531	437
