10

608	698	797	661	694	808	804	677	798	711
698	605	636	709	805	639	679	792	742	772
797	636	757	769	650	755	778	641	675	692
661	709	769	649	693	608	785	813	611	749
694	805	650	693	680	771	660	682	664	801
808	639	755	608	771	605	672	760	763	794
804	679	778	785	660	672	623	791	736	706
677	792	641	813	682	760	791	605	794	671
798	742	675	611	664	763	736	794	715	678
711	772	692	749	801	794	706	671	678	645
