10

30	156	46	0	8	136	0	31	6	12
156	37	147	111	38	83	0	13	0	0
46	147	47	0	0	158	0	171	0	109
0	111	0	181	22	0	0	181	40	114
8	38	0	22	163	0	123	77	24	183
136	83	158	0	0	51	95	0	87	146
0	0	0	0	123	95	65	0	62	55
31	13	171	181	77	0	0	130	0	17
6	0	0	40	24	87	62	0	76	141
12	0	109	114	183	146	55	17	141	16
