10

429	649	426	0	571	526	219	510	652	244
649	562	88	77	569	600	565	317	342	192
426	88	298	0	337	0	279	577	0	231
0	77	0	409	0	181	175	668	0	199
571	569	337	0	0	263	516	55	74	222
526	600	0	181	263	0	206	0	648	559
219	565	279	175	516	206	186	556	343	319
510	317	577	668	55	0	556	0	0	345
652	342	0	0	74	648	343	0	684	249
244	192	231	199	222	559	319	345	249	132
