10

651	619	593	612	621	587	697	679	622	605
619	662	567	684	669	603	599	590	588	680
593	567	661	706	617	686	605	698	621	629
612	684	706	593	668	609	652	664	662	681
621	669	617	668	620	605	690	656	635	600
587	603	686	609	605	705	572	638	602	614
697	599	605	652	690	572	700	633	567	694
679	590	698	664	656	638	633	595	642	607
622	588	621	662	635	602	567	642	604	620
605	680	629	681	600	614	694	607	620	596
