10

454	634	539	562	561	584	529	577	460	465
634	613	498	578	515	481	560	588	410	503
539	498	460	610	436	489	478	573	589	618
562	578	610	526	545	438	441	632	560	459
561	515	436	545	572	552	569	455	417	623
584	481	489	438	552	440	616	626	623	470
529	560	478	441	569	616	520	636	601	559
577	588	573	632	455	626	636	614	498	547
460	410	589	560	417	623	601	498	491	570
465	503	618	459	623	470	559	547	570	586
