10

69	64	71	66	61	60	64	67	64	73
64	66	65	70	69	65	69	73	63	73
71	65	68	63	69	60	73	68	71	63
66	70	63	64	72	72	65	64	62	74
61	69	69	72	62	73	72	64	68	61
60	65	60	72	73	69	71	73	63	71
64	69	73	65	72	71	63	74	74	62
67	73	68	64	64	73	74	73	68	63
64	63	71	62	68	63	74	68	67	61
73	73	63	74	61	71	62	63	61	61
