10

0	0	464	0	416	0	401	0	464	0
0	425	516	0	415	494	0	0	436	458
464	516	0	403	404	0	420	0	406	410
0	0	403	438	0	441	466	0	0	460
416	415	404	0	511	451	471	456	0	426
0	494	0	441	451	0	0	0	472	488
401	0	420	466	471	0	485	419	0	0
0	0	0	0	456	0	419	0	0	0
464	436	406	0	0	472	0	0	526	431
0	458	410	460	426	488	0	0	431	434
