10

20	32	32	12	19	16	29	22	21	7
32	7	21	24	24	23	15	31	22	33
32	21	31	7	20	19	15	15	17	23
12	24	7	25	23	30	22	17	16	6
19	24	20	23	25	33	17	32	16	29
16	23	19	30	33	7	20	19	31	11
29	15	15	22	17	20	30	15	24	23
22	31	15	17	32	19	15	15	33	27
21	22	17	16	16	31	24	33	18	31
7	33	23	6	29	11	23	27	31	6
