10

379	515	609	701	338	589	152	504	270	305
515	515	608	458	148	200	275	582	478	380
609	608	701	565	407	232	733	544	158	185
701	458	565	461	646	558	585	282	710	289
338	148	407	646	594	494	147	427	265	433
589	200	232	558	494	334	619	210	757	658
152	275	733	585	147	619	384	548	534	235
504	582	544	282	427	210	548	505	304	204
270	478	158	710	265	757	534	304	268	446
305	380	185	289	433	658	235	204	446	662
