10

856	932	534	626	577	723	960	783	831	661
932	905	791	704	912	772	955	696	800	930
534	791	941	957	613	873	571	794	715	851
626	704	957	916	589	695	658	906	857	866
577	912	613	589	643	947	557	948	856	635
723	772	873	695	947	881	903	570	756	795
960	955	571	658	557	903	634	606	948	558
783	696	794	906	948	570	606	711	866	614
831	800	715	857	856	756	948	866	534	757
661	930	851	866	635	795	558	614	757	883
