10

146	93	94	142	126	92	124	91	93	115
93	139	141	95	120	102	137	100	130	96
94	141	119	116	97	143	128	107	97	126
142	95	116	128	137	120	114	116	103	122
126	120	97	137	130	129	82	129	97	144
92	102	143	120	129	133	138	105	130	113
124	137	128	114	82	138	96	136	134	82
91	100	107	116	129	105	136	92	119	138
93	130	97	103	97	130	134	119	117	136
115	96	126	122	144	113	82	138	136	124
