10

186	100	154	159	123	98	175	135	121	106
100	113	151	110	168	163	156	158	93	95
154	151	152	186	148	135	167	139	153	122
159	110	186	101	98	88	81	187	98	159
123	168	148	98	186	81	117	147	106	151
98	163	135	88	81	166	165	115	116	88
175	156	167	81	117	165	143	99	175	136
135	158	139	187	147	115	99	151	175	176
121	93	153	98	106	116	175	175	160	118
106	95	122	159	151	88	136	176	118	127
