10

107	511	258	19	629	66	494	542	428	25
511	587	554	385	594	496	447	144	160	593
258	554	362	379	343	217	320	108	86	552
19	385	379	631	167	623	372	162	89	63
629	594	343	167	229	149	285	511	177	269
66	496	217	623	149	509	558	554	394	250
494	447	320	372	285	558	188	71	28	261
542	144	108	162	511	554	71	121	501	564
428	160	86	89	177	394	28	501	211	46
25	593	552	63	269	250	261	564	46	588
