10

783	766	804	683	611	663	773	768	783	592
766	596	599	625	678	712	715	607	702	749
804	599	768	798	644	770	718	656	596	655
683	625	798	706	763	736	631	750	685	684
611	678	644	763	594	799	690	748	694	645
663	712	770	736	799	664	654	678	739	716
773	715	718	631	690	654	658	643	790	641
768	607	656	750	748	678	643	669	615	603
783	702	596	685	694	739	790	615	654	717
592	749	655	684	645	716	641	603	717	622
