10

768	820	698	739	735	755	814	701	664	794
820	646	802	728	806	675	759	612	632	612
698	802	746	719	759	680	663	662	704	681
739	728	719	702	775	718	769	666	664	630
735	806	759	775	673	660	699	665	803	644
755	675	680	718	660	791	758	641	704	704
814	759	663	769	699	758	689	654	699	766
701	612	662	666	665	641	654	719	803	684
664	632	704	664	803	704	699	803	718	702
794	612	681	630	644	704	766	684	702	735
