10

799	597	787	659	616	641	668	784	733	616
597	593	763	775	714	734	705	724	783	609
787	763	823	710	700	624	676	643	786	740
659	775	710	779	674	814	740	803	809	754
616	714	700	674	809	702	596	648	707	815
641	734	624	814	702	700	728	771	758	750
668	705	676	740	596	728	739	798	833	836
784	724	643	803	648	771	798	658	640	623
733	783	786	809	707	758	833	640	687	812
616	609	740	754	815	750	836	623	812	765
