10

266	308	273	0	313	263	279	292	284	267
308	0	0	261	248	286	301	0	250	308
273	0	0	303	281	297	302	299	0	297
0	261	303	0	0	268	267	307	0	0
313	248	281	0	312	279	277	0	315	268
263	286	297	268	279	0	296	265	0	269
279	301	302	267	277	296	264	299	315	0
292	0	299	307	0	265	299	286	250	278
284	250	0	0	315	0	315	250	305	301
267	308	297	0	268	269	0	278	301	0
