10

0	0	0	0	779	0	745	0	0	634
0	546	0	717	723	620	0	618	726	875
0	0	0	0	0	0	0	610	0	0
0	717	0	793	870	0	864	633	0	547
779	723	0	870	556	0	0	0	0	889
0	620	0	0	0	0	0	0	802	0
745	0	0	864	0	0	0	599	0	689
0	618	610	633	0	0	599	781	686	772
0	726	0	0	0	802	0	686	0	759
634	875	0	547	889	0	689	772	759	762
