10

575	735	597	293	637	616	632	357	404	358
735	358	567	603	266	719	385	566	559	460
597	567	720	401	419	637	475	700	271	585
293	603	401	646	630	753	620	602	326	544
637	266	419	630	429	403	749	364	545	276
616	719	637	753	403	521	261	433	386	537
632	385	475	620	749	261	480	470	731	443
357	566	700	602	364	433	470	429	395	264
404	559	271	326	545	386	731	395	289	395
358	460	585	544	276	537	443	264	395	388
