10

39	45	37	58	56	35	32	37	37	40
45	58	51	42	39	45	31	31	53	50
37	51	37	58	30	47	38	38	34	43
58	42	58	44	31	38	57	48	39	57
56	39	30	31	45	49	52	42	58	37
35	45	47	38	49	42	44	47	30	36
32	31	38	57	52	44	36	41	46	54
37	31	38	48	42	47	41	37	48	31
37	53	34	39	58	30	46	48	31	46
40	50	43	57	37	36	54	31	46	41
