10

0	0	0	648	567	0	0	0	501	630
0	619	0	484	0	0	0	0	0	0
0	0	544	0	0	468	627	450	0	539
648	484	0	537	0	642	0	0	0	0
567	0	0	0	0	508	0	0	0	0
0	0	468	642	508	0	538	0	433	0
0	0	627	0	0	538	0	425	588	431
0	0	450	0	0	0	425	474	0	446
501	0	0	0	0	433	588	0	447	653
630	0	539	0	0	0	431	446	653	0
