10

0	833	0	847	833	0	0	0	0	0
833	825	0	815	0	845	834	827	824	0
0	0	811	0	847	824	825	847	821	832
847	815	0	0	0	0	812	819	0	0
833	0	847	0	0	827	0	0	833	0
0	845	824	0	827	0	0	831	832	0
0	834	825	812	0	0	832	842	823	821
0	827	847	819	0	831	842	846	0	0
0	824	821	0	833	832	823	0	846	814
0	0	832	0	0	0	821	0	814	825
