10

821	0	0	0	0	837	0	755	0	0
0	0	775	0	825	0	796	0	866	804
0	775	859	787	710	789	0	0	865	796
0	0	787	0	0	703	0	0	0	846
0	825	710	0	0	741	707	0	754	740
837	0	789	703	741	774	800	0	0	0
0	796	0	0	707	800	0	0	0	0
755	0	0	0	0	0	0	0	729	0
0	866	865	0	754	0	0	729	0	786
0	804	796	846	740	0	0	0	786	726
