10

357	413	288	345	311	263	448	240	255	263
413	89	260	336	107	205	96	345	282	263
288	260	186	338	376	221	376	281	199	185
345	336	338	210	28	41	441	117	109	21
311	107	376	28	135	86	406	319	273	436
263	205	221	41	86	291	457	340	211	9
448	96	376	441	406	457	388	178	168	77
240	345	281	117	319	340	178	336	99	299
255	282	199	109	273	211	168	99	54	139
263	263	185	21	436	9	77	299	139	120
