10

281	264	369	317	232	385	378	357	281	300
264	330	250	298	323	315	329	225	349	225
369	250	374	325	267	311	267	327	382	349
317	298	325	316	212	265	340	362	245	249
232	323	267	212	315	245	216	206	238	382
385	315	311	265	245	372	257	216	205	233
378	329	267	340	216	257	379	290	270	323
357	225	327	362	206	216	290	342	280	312
281	349	382	245	238	205	270	280	283	211
300	225	349	249	382	233	323	312	211	223
