10

561	556	562	562	560	565	559	560	559	561
556	562	564	561	563	563	559	557	556	556
562	564	562	558	562	561	557	560	560	561
562	561	558	559	560	562	560	561	564	560
560	563	562	560	559	556	564	564	561	563
565	563	561	562	556	562	562	558	557	564
559	559	557	560	564	562	557	557	557	563
560	557	560	561	564	558	557	558	560	559
559	556	560	564	561	557	557	560	563	556
561	556	561	560	563	564	563	559	556	556
