10

742	815	698	823	887	873	850	587	816	695
815	529	553	822	727	772	792	643	568	560
698	553	675	586	648	580	598	551	776	709
823	822	586	662	840	709	684	859	727	787
887	727	648	840	702	690	597	623	534	585
873	772	580	709	690	686	752	766	746	860
850	792	598	684	597	752	864	547	546	562
587	643	551	859	623	766	547	868	525	735
816	568	776	727	534	746	546	525	676	562
695	560	709	787	585	860	562	735	562	797
