10

216	555	0	191	464	654	698	0	24	252
555	221	202	562	0	150	456	0	610	451
0	202	590	97	209	0	322	0	365	0
191	562	97	0	0	370	49	235	0	0
464	0	209	0	649	207	0	0	494	0
654	150	0	370	207	0	0	0	0	151
698	456	322	49	0	0	648	345	615	122
0	0	0	235	0	0	345	312	0	114
24	610	365	0	494	0	615	0	0	183
252	451	0	0	0	151	122	114	183	0
