10

43	42	34	38	42	32	32	39	27	46
42	38	45	42	34	37	33	33	36	29
34	45	42	45	43	37	27	39	44	36
38	42	45	37	30	34	45	43	45	31
42	34	43	30	28	46	43	38	29	45
32	37	37	34	46	37	43	41	33	42
32	33	27	45	43	43	34	36	28	29
39	33	39	43	38	41	36	33	31	35
27	36	44	45	29	33	28	31	38	46
46	29	36	31	45	42	29	35	46	27
