10

230	234	236	246	241	239	246	245	246	232
234	245	243	230	241	244	230	243	245	246
236	243	246	240	240	240	239	243	243	234
246	230	240	244	244	232	231	241	234	246
241	241	240	244	247	237	246	237	243	237
239	244	240	232	237	239	240	233	236	231
246	230	239	231	246	240	241	244	244	232
245	243	243	241	237	233	244	245	246	234
246	245	243	234	243	236	244	246	237	238
232	246	234	246	237	231	232	234	238	238
