10

514	61	440	42	662	696	310	719	146	719
61	555	74	233	623	169	265	705	473	521
440	74	156	103	375	566	290	357	585	511
42	233	103	667	213	550	95	580	541	352
662	623	375	213	373	179	593	688	342	259
696	169	566	550	179	615	321	115	416	507
310	265	290	95	593	321	584	468	358	422
719	705	357	580	688	115	468	560	719	654
146	473	585	541	342	416	358	719	581	440
719	521	511	352	259	507	422	654	440	262
