10

88	82	82	94	89	93	94	90	91	84
82	80	94	90	91	83	85	84	89	91
82	94	89	82	82	92	87	86	94	88
94	90	82	85	87	93	80	90	80	94
89	91	82	87	84	88	85	84	85	89
93	83	92	93	88	84	89	88	88	94
94	85	87	80	85	89	85	87	83	93
90	84	86	90	84	88	87	93	89	88
91	89	94	80	85	88	83	89	87	88
84	91	88	94	89	94	93	88	88	94
