10

212	222	185	195	183	178	206	180	217	213
222	185	208	207	193	206	202	211	228	199
185	208	196	220	210	190	182	207	212	188
195	207	220	200	192	220	196	199	198	218
183	193	210	192	186	190	194	194	217	177
178	206	190	220	190	184	208	222	202	208
206	202	182	196	194	208	184	227	196	180
180	211	207	199	194	222	227	181	224	227
217	228	212	198	217	202	196	224	199	229
213	199	188	218	177	208	180	227	229	214
