10

0	393	338	0	925	240	0	217	602	281
393	511	720	0	857	823	867	283	215	570
338	720	223	525	889	338	277	599	0	707
0	0	525	550	843	840	489	0	0	791
925	857	889	843	383	0	384	327	482	928
240	823	338	840	0	590	549	838	657	627
0	867	277	489	384	549	467	0	0	549
217	283	599	0	327	838	0	809	450	0
602	215	0	0	482	657	0	450	778	546
281	570	707	791	928	627	549	0	546	0
