10

199	48	229	136	77	143	185	179	275	181
48	64	92	181	172	275	86	186	183	45
229	92	103	84	204	265	85	265	227	176
136	181	84	173	122	178	236	42	113	115
77	172	204	122	105	46	171	96	209	266
143	275	265	178	46	252	143	163	84	124
185	86	85	236	171	143	205	142	258	232
179	186	265	42	96	163	142	260	100	120
275	183	227	113	209	84	258	100	81	116
181	45	176	115	266	124	232	120	116	73
