10

175	156	165	157	159	174	176	0	0	160
156	157	0	172	0	0	0	166	166	158
165	0	0	156	169	169	0	157	0	157
157	172	156	176	171	0	0	0	0	0
159	0	169	171	0	0	0	177	171	0
174	0	169	0	0	0	174	0	175	0
176	0	0	0	0	174	0	157	157	167
0	166	157	0	177	0	157	0	163	0
0	166	0	0	171	175	157	163	163	170
160	158	157	0	0	0	167	0	170	169
