10

156	105	0	0	122	0	124	134	148	150
105	141	128	154	123	115	127	121	151	124
0	128	118	109	0	118	135	121	120	159
0	154	109	120	0	0	0	143	150	0
122	123	0	0	125	126	144	0	105	156
0	115	118	0	126	0	0	145	106	117
124	127	135	0	144	0	116	124	112	139
134	121	121	143	0	145	124	149	114	110
148	151	120	150	105	106	112	114	117	117
150	124	159	0	156	117	139	110	117	116
