10

654	723	666	542	427	535	720	515	361	357
723	681	416	628	486	566	681	729	489	698
666	416	455	605	689	474	447	587	424	653
542	628	605	363	537	755	642	679	707	385
427	486	689	537	464	557	692	416	502	589
535	566	474	755	557	406	490	501	749	532
720	681	447	642	692	490	410	552	610	692
515	729	587	679	416	501	552	496	491	499
361	489	424	707	502	749	610	491	680	471
357	698	653	385	589	532	692	499	471	419
