10

102	101	143	99	101	134	105	124	147	147
101	100	126	104	105	142	109	143	116	112
143	126	130	98	100	139	115	124	123	117
99	104	98	113	131	106	100	127	147	129
101	105	100	131	124	136	141	130	99	108
134	142	139	106	136	98	95	130	115	115
105	109	115	100	141	95	97	142	105	105
124	143	124	127	130	130	142	99	97	104
147	116	123	147	99	115	105	97	135	120
147	112	117	129	108	115	105	104	120	146
