10

805	835	724	859	868	654	736	728	627	634
835	660	800	846	626	663	809	784	791	611
724	800	859	609	606	617	722	710	615	613
859	846	609	604	861	842	591	834	760	708
868	626	606	861	813	836	593	614	592	836
654	663	617	842	836	865	658	634	827	594
736	809	722	591	593	658	864	642	775	715
728	784	710	834	614	634	642	646	885	721
627	791	615	760	592	827	775	885	746	713
634	611	613	708	836	594	715	721	713	625
