10

500	514	517	522	517	523	501	508	544	528
514	514	527	537	543	543	533	518	509	544
517	527	520	513	512	512	535	535	510	509
522	537	513	527	504	521	537	503	545	543
517	543	512	504	522	522	507	543	508	508
523	543	512	521	522	535	537	519	514	536
501	533	535	537	507	537	540	511	545	531
508	518	535	503	543	519	511	539	537	522
544	509	510	545	508	514	545	537	523	545
528	544	509	543	508	536	531	522	545	536
