10

477	277	803	495	602	231	549	240	740	728
277	780	393	779	739	651	678	708	294	274
803	393	371	358	727	228	256	638	776	334
495	779	358	227	417	298	680	542	244	675
602	739	727	417	585	543	237	643	259	231
231	651	228	298	543	488	248	687	427	813
549	678	256	680	237	248	451	332	759	520
240	708	638	542	643	687	332	484	854	836
740	294	776	244	259	427	759	854	719	757
728	274	334	675	231	813	520	836	757	684
