10

372	306	296	279	332	302	253	258	331	287
306	299	343	286	303	348	338	307	333	312
296	343	349	327	318	359	321	297	346	260
279	286	327	326	305	270	333	366	337	289
332	303	318	305	301	317	313	264	281	288
302	348	359	270	317	294	365	371	315	287
253	338	321	333	313	365	286	256	366	326
258	307	297	366	264	371	256	340	251	318
331	333	346	337	281	315	366	251	349	275
287	312	260	289	288	287	326	318	275	315
