10

0	291	502	105	0	470	0	747	697	443
291	607	741	742	343	0	140	0	417	0
502	741	698	664	605	515	559	0	579	346
105	742	664	805	0	0	427	763	0	196
0	343	605	0	564	185	191	0	0	0
470	0	515	0	185	0	81	0	0	553
0	140	559	427	191	81	76	754	0	601
747	0	0	763	0	0	754	0	352	0
697	417	579	0	0	0	0	352	83	525
443	0	346	196	0	553	601	0	525	365
