10

47	93	236	27	71	26	150	142	155	212
93	71	174	75	218	115	104	6	204	226
236	174	207	109	5	185	123	218	17	103
27	75	109	31	25	43	178	128	20	51
71	218	5	25	124	30	96	84	108	229
26	115	185	43	30	47	25	197	136	84
150	104	123	178	96	25	174	94	48	86
142	6	218	128	84	197	94	49	149	35
155	204	17	20	108	136	48	149	17	174
212	226	103	51	229	84	86	35	174	239
