10

300	0	0	304	0	0	295	0	127	0
0	197	303	222	0	279	0	0	189	141
0	303	115	0	198	0	173	0	0	0
304	222	0	0	329	0	129	0	0	127
0	0	198	329	129	260	95	0	198	126
0	279	0	0	260	0	0	120	111	0
295	0	173	129	95	0	141	239	0	0
0	0	0	0	0	120	239	309	0	0
127	189	0	0	198	111	0	0	0	0
0	141	0	127	126	0	0	0	0	0
