10

0	534	0	541	533	0	536	540	541	0
534	539	0	544	0	0	0	543	0	531
0	0	543	535	539	0	0	539	0	537
541	544	535	532	0	0	0	0	0	540
533	0	539	0	537	531	533	533	0	0
0	0	0	0	531	0	0	0	0	0
536	0	0	0	533	0	532	0	0	0
540	543	539	0	533	0	0	0	537	535
541	0	0	0	0	0	0	537	543	538
0	531	537	540	0	0	0	535	538	0
