10

585	46	239	821	856	596	683	883	606	433
46	217	179	85	686	311	736	267	786	370
239	179	805	232	337	785	560	477	386	635
821	85	232	782	299	298	169	129	266	117
856	686	337	299	768	152	695	189	144	529
596	311	785	298	152	210	627	477	426	53
683	736	560	169	695	627	109	819	579	181
883	267	477	129	189	477	819	746	492	696
606	786	386	266	144	426	579	492	330	791
433	370	635	117	529	53	181	696	791	762
