10

294	329	333	285	380	335	279	269	348	342
329	257	315	324	321	265	354	293	275	342
333	315	283	318	279	378	344	365	283	304
285	324	318	351	366	377	271	349	328	260
380	321	279	366	343	352	273	362	296	251
335	265	378	377	352	349	290	335	372	319
279	354	344	271	273	290	365	373	342	340
269	293	365	349	362	335	373	307	257	304
348	275	283	328	296	372	342	257	323	281
342	342	304	260	251	319	340	304	281	330
