10

120	175	124	168	137	235	72	98	68	182
175	237	223	144	187	103	234	150	207	200
124	223	94	156	239	106	197	70	178	138
168	144	156	153	159	182	107	219	188	122
137	187	239	159	113	199	195	197	191	196
235	103	106	182	199	180	78	189	178	151
72	234	197	107	195	78	162	128	141	186
98	150	70	219	197	189	128	87	159	78
68	207	178	188	191	178	141	159	179	99
182	200	138	122	196	151	186	78	99	148
