10

0	156	0	159	319	0	0	40	0	204
156	353	317	358	0	171	0	0	225	0
0	317	347	0	232	176	89	185	0	357
159	358	0	0	250	0	0	327	177	334
319	0	232	250	0	266	162	238	0	0
0	171	176	0	266	0	0	314	0	193
0	0	89	0	162	0	0	140	122	0
40	0	185	327	238	314	140	0	303	0
0	225	0	177	0	0	122	303	215	0
204	0	357	334	0	193	0	0	0	64
