10

49	11	46	45	15	33	59	43	42	51
11	14	62	27	44	46	35	13	70	22
46	62	16	30	69	28	36	33	48	52
45	27	30	72	21	66	8	13	58	32
15	44	69	21	51	9	30	27	13	74
33	46	28	66	9	22	65	74	44	61
59	35	36	8	30	65	49	4	24	22
43	13	33	13	27	74	4	24	50	70
42	70	48	58	13	44	24	50	70	30
51	22	52	32	74	61	22	70	30	23
