10

577	581	609	572	568	611	608	595	554	618
581	573	621	559	607	600	590	593	570	554
609	621	572	608	571	578	611	591	568	613
572	559	608	607	585	553	619	564	563	593
568	607	571	585	606	629	568	625	617	627
611	600	578	553	629	607	614	593	586	613
608	590	611	619	568	614	570	623	622	595
595	593	591	564	625	593	623	594	630	554
554	570	568	563	617	586	622	630	554	584
618	554	613	593	627	613	595	554	584	561
