10

260	703	595	573	441	429	466	350	676	543
703	600	315	607	338	483	267	249	379	396
595	315	666	430	643	237	309	258	233	502
573	607	430	290	642	661	663	615	247	571
441	338	643	642	495	350	354	633	634	347
429	483	237	661	350	672	273	336	663	613
466	267	309	663	354	273	364	352	625	251
350	249	258	615	633	336	352	462	260	508
676	379	233	247	634	663	625	260	642	277
543	396	502	571	347	613	251	508	277	648
