10

170	107	170	130	143	146	150	124	111	132
107	150	143	124	152	163	171	121	115	122
170	143	127	126	154	109	131	114	129	128
130	124	126	160	130	124	128	118	115	105
143	152	154	130	107	156	168	168	140	115
146	163	109	124	156	147	105	110	131	163
150	171	131	128	168	105	113	148	139	145
124	121	114	118	168	110	148	117	118	123
111	115	129	115	140	131	139	118	168	138
132	122	128	105	115	163	145	123	138	126
