10

19	17	12	21	22	28	18	28	17	17
17	11	14	12	25	18	16	19	13	17
12	14	13	12	15	22	25	17	28	24
21	12	12	19	11	27	20	17	12	17
22	25	15	11	26	17	18	20	14	14
28	18	22	27	17	20	18	18	15	26
18	16	25	20	18	18	24	27	24	12
28	19	17	17	20	18	27	20	27	27
17	13	28	12	14	15	24	27	16	18
17	17	24	17	14	26	12	27	18	25
