10

470	310	323	327	334	277	480	419	307	286
310	451	278	316	324	376	445	473	334	359
323	278	349	510	395	480	299	408	311	390
327	316	510	520	418	332	291	492	492	365
334	324	395	418	358	334	493	461	318	353
277	376	480	332	334	417	417	375	507	332
480	445	299	291	493	417	281	280	517	502
419	473	408	492	461	375	280	367	309	399
307	334	311	492	318	507	517	309	460	515
286	359	390	365	353	332	502	399	515	373
