10

46	33	82	46	69	15	76	79	30	20
33	27	49	29	77	17	14	36	12	12
82	49	54	81	34	76	9	15	85	38
46	29	81	72	29	42	33	39	80	80
69	77	34	29	79	84	20	54	67	66
15	17	76	42	84	63	15	51	25	31
76	14	9	33	20	15	84	45	56	17
79	36	15	39	54	51	45	85	41	35
30	12	85	80	67	25	56	41	63	29
20	12	38	80	66	31	17	35	29	47
