10

0	0	0	320	140	0	246	308	479	108
0	50	439	153	489	396	158	212	345	0
0	439	478	213	0	0	0	210	440	107
320	153	213	379	0	434	138	308	0	349
140	489	0	0	0	462	455	174	320	0
0	396	0	434	462	361	314	0	278	159
246	158	0	138	455	314	74	184	0	358
308	212	210	308	174	0	184	233	433	229
479	345	440	0	320	278	0	433	256	270
108	0	107	349	0	159	358	229	270	369
