10

600	612	618	607	598	600	605	603	608	612
612	607	605	604	618	610	613	609	607	612
618	605	615	600	605	598	609	613	604	608
607	604	600	615	601	606	616	604	598	611
598	618	605	601	599	609	603	605	603	603
600	610	598	606	609	613	609	617	617	618
605	613	609	616	603	609	613	614	614	616
603	609	613	604	605	617	614	608	602	616
608	607	604	598	603	617	614	602	616	603
612	612	608	611	603	618	616	616	603	606
