10

298	191	269	0	0	0	0	180	359	378
191	289	0	0	0	0	190	0	279	245
269	0	254	332	0	266	221	0	289	262
0	0	332	0	354	367	0	0	370	0
0	0	0	354	318	0	0	186	205	195
0	0	266	367	0	241	0	194	0	0
0	190	221	0	0	0	0	0	0	0
180	0	0	0	186	194	0	354	236	349
359	279	289	370	205	0	0	236	0	0
378	245	262	0	195	0	0	349	0	0
