10

0	683	0	732	762	794	0	0	699	595
683	678	0	586	759	0	712	0	0	0
0	0	693	660	0	0	890	0	0	0
732	586	660	0	854	822	700	611	842	906
762	759	0	854	786	0	0	745	0	877
794	0	0	822	0	0	0	0	0	0
0	712	890	700	0	0	579	0	0	863
0	0	0	611	745	0	0	726	0	0
699	0	0	842	0	0	0	0	0	912
595	0	0	906	877	0	863	0	912	0
