10

756	764	761	740	779	777	708	749	753	785
764	771	747	761	699	795	763	759	752	781
761	747	745	764	769	722	726	757	794	728
740	761	764	761	710	724	712	769	715	752
779	699	769	710	731	769	791	760	697	761
777	795	722	724	769	721	786	768	788	740
708	763	726	712	791	786	754	710	774	782
749	759	757	769	760	768	710	779	795	745
753	752	794	715	697	788	774	795	739	751
785	781	728	752	761	740	782	745	751	767
