10

0	0	594	576	518	573	505	489	0	531
0	0	0	480	542	602	0	0	570	558
594	0	537	0	0	454	511	0	0	531
576	480	0	444	434	573	435	0	0	0
518	542	0	434	529	432	454	486	0	556
573	602	454	573	432	0	447	0	0	537
505	0	511	435	454	447	580	518	0	522
489	0	0	0	486	0	518	546	566	515
0	570	0	0	0	0	0	566	438	534
531	558	531	0	556	537	522	515	534	513
