10

609	691	756	620	643	706	669	694	752	731
691	759	593	551	583	783	573	681	699	760
756	593	601	542	679	768	570	732	739	600
620	551	542	794	592	562	669	775	761	613
643	583	679	592	681	607	731	776	535	701
706	783	768	562	607	691	575	802	649	624
669	573	570	669	731	575	615	666	550	786
694	681	732	775	776	802	666	559	565	804
752	699	739	761	535	649	550	565	807	540
731	760	600	613	701	624	786	804	540	595
