10

562	0	511	551	602	601	537	561	582	566
0	598	0	564	0	583	562	548	596	0
511	0	581	570	577	0	539	0	0	514
551	564	570	583	597	0	520	566	590	592
602	0	577	597	0	574	519	520	0	525
601	583	0	0	574	584	558	525	598	578
537	562	539	520	519	558	582	589	0	594
561	548	0	566	520	525	589	597	0	0
582	596	0	590	0	598	0	0	513	541
566	0	514	592	525	578	594	0	541	538
