10

527	470	470	532	461	467	466	468	479	460
470	533	530	471	511	578	455	509	574	514
470	530	494	530	566	508	512	480	456	509
532	471	530	551	526	509	487	456	513	485
461	511	566	526	508	477	469	462	461	558
467	578	508	509	477	472	481	496	575	455
466	455	512	487	469	481	487	532	476	487
468	509	480	456	462	496	532	541	502	496
479	574	456	513	461	575	476	502	522	529
460	514	509	485	558	455	487	496	529	535
