10

270	185	265	155	200	152	258	248	154	219
185	199	240	128	223	154	152	131	246	172
265	240	204	131	292	262	190	243	175	224
155	128	131	259	126	289	299	151	265	234
200	223	292	126	268	222	133	231	163	237
152	154	262	289	222	267	201	167	209	262
258	152	190	299	133	201	210	288	261	203
248	131	243	151	231	167	288	209	251	163
154	246	175	265	163	209	261	251	175	221
219	172	224	234	237	262	203	163	221	246
