10

0	0	739	872	616	0	741	605	841	616
0	707	0	692	0	622	0	0	0	0
739	0	0	0	0	763	736	768	0	815
872	692	0	795	640	818	0	0	0	632
616	0	0	640	634	703	0	614	0	669
0	622	763	818	703	0	611	0	0	0
741	0	736	0	0	611	0	864	0	0
605	0	768	0	614	0	864	0	867	695
841	0	0	0	0	0	0	867	843	721
616	0	815	632	669	0	0	695	721	0
