10

0	0	668	545	548	386	0	0	0	0
0	0	415	619	0	601	322	506	581	455
668	415	0	0	309	0	0	332	525	0
545	619	0	556	427	0	413	669	0	518
548	0	309	427	544	0	445	440	609	309
386	601	0	0	0	464	0	325	622	413
0	322	0	413	445	0	648	393	574	0
0	506	332	669	440	325	393	351	425	0
0	581	525	0	609	622	574	425	461	0
0	455	0	518	309	413	0	0	0	0
