10

0	0	500	0	0	0	0	0	0	0
0	0	0	691	0	0	369	0	479	722
500	0	541	365	783	0	610	0	0	0
0	691	365	678	0	735	658	521	0	722
0	0	783	0	0	0	0	635	0	433
0	0	0	735	0	655	0	0	0	0
0	369	610	658	0	0	0	0	0	0
0	0	0	521	635	0	0	518	417	403
0	479	0	0	0	0	0	417	0	363
0	722	0	722	433	0	0	403	363	757
