10

0	93	0	0	130	0	0	93	0	128
93	77	84	76	0	0	0	0	0	0
0	84	0	0	0	92	126	82	0	88
0	76	0	0	123	77	88	0	87	0
130	0	0	123	111	0	125	0	0	129
0	0	92	77	0	0	109	0	0	0
0	0	126	88	125	109	100	109	0	0
93	0	82	0	0	0	109	81	92	79
0	0	0	87	0	0	0	92	90	0
128	0	88	0	129	0	0	79	0	0
