10

369	367	362	364	365	366	366	370	364	363
367	369	363	370	365	366	362	367	370	369
362	363	369	365	369	366	367	363	369	370
364	370	365	368	369	362	367	363	363	367
365	365	369	369	369	369	370	364	366	367
366	366	366	362	369	364	368	363	364	363
366	362	367	367	370	368	370	362	363	365
370	367	363	363	364	363	362	370	362	363
364	370	369	363	366	364	363	362	368	364
363	369	370	367	367	363	365	363	364	362
