10

176	264	311	248	190	294	308	212	337	198
264	324	232	217	204	196	340	260	262	243
311	232	287	213	233	285	249	304	292	268
248	217	213	310	319	208	349	194	228	285
190	204	233	319	189	246	282	202	307	280
294	196	285	208	246	355	306	315	353	248
308	340	249	349	282	306	309	272	183	190
212	260	304	194	202	315	272	298	265	248
337	262	292	228	307	353	183	265	290	255
198	243	268	285	280	248	190	248	255	260
