10

631	571	610	564	571	630	630	546	602	552
571	620	620	630	564	627	583	617	576	639
610	620	622	626	607	626	641	573	619	575
564	630	626	582	606	600	581	584	642	607
571	564	607	606	619	562	567	602	575	631
630	627	626	600	562	618	614	642	591	554
630	583	641	581	567	614	639	577	626	558
546	617	573	584	602	642	577	584	604	549
602	576	619	642	575	591	626	604	548	601
552	639	575	607	631	554	558	549	601	622
