10

442	256	367	187	401	105	233	287	416	365
256	342	414	151	448	194	146	139	370	401
367	414	249	403	328	91	367	416	441	247
187	151	403	163	166	430	106	326	451	401
401	448	328	166	435	213	349	79	316	116
105	194	91	430	213	200	145	220	110	217
233	146	367	106	349	145	128	97	274	388
287	139	416	326	79	220	97	306	351	83
416	370	441	451	316	110	274	351	295	349
365	401	247	401	116	217	388	83	349	248
