10

394	395	387	271	216	284	243	262	348	255
395	193	259	390	215	223	307	244	257	305
387	259	338	194	288	331	322	237	209	334
271	390	194	215	195	396	368	310	248	277
216	215	288	195	289	272	249	249	297	338
284	223	331	396	272	382	366	296	362	265
243	307	322	368	249	366	242	324	392	225
262	244	237	310	249	296	324	205	205	236
348	257	209	248	297	362	392	205	289	380
255	305	334	277	338	265	225	236	380	292
