10

504	0	0	379	498	459	448	374	497	425
0	443	391	475	383	425	481	395	453	402
0	391	385	0	363	468	361	386	0	508
379	475	0	0	464	457	0	489	461	492
498	383	363	464	380	0	395	403	401	400
459	425	468	457	0	479	0	448	387	505
448	481	361	0	395	0	465	0	412	399
374	395	386	489	403	448	0	0	494	403
497	453	0	461	401	387	412	494	371	455
425	402	508	492	400	505	399	403	455	487
