10

22	98	84	48	22	81	103	4	5	71
98	77	20	40	92	67	46	103	48	105
84	20	10	61	10	82	39	65	100	68
48	40	61	106	19	63	58	99	106	4
22	92	10	19	36	94	73	98	16	46
81	67	82	63	94	90	12	34	6	10
103	46	39	58	73	12	96	55	98	7
4	103	65	99	98	34	55	71	67	87
5	48	100	106	16	6	98	67	96	29
71	105	68	4	46	10	7	87	29	85
