10

264	346	315	116	145	204	357	305	276	207
346	334	338	320	131	193	118	341	334	280
315	338	117	70	158	365	362	164	307	366
116	320	70	368	329	130	351	302	368	252
145	131	158	329	189	168	306	189	124	365
204	193	365	130	168	330	190	225	327	198
357	118	362	351	306	190	333	196	91	272
305	341	164	302	189	225	196	74	63	221
276	334	307	368	124	327	91	63	153	59
207	280	366	252	365	198	272	221	59	53
