10

98	745	502	509	781	455	784	217	724	230
745	790	758	350	284	598	318	664	137	359
502	758	608	565	149	80	529	513	713	655
509	350	565	222	455	79	662	210	465	296
781	284	149	455	299	154	397	774	208	540
455	598	80	79	154	673	187	758	153	572
784	318	529	662	397	187	335	580	542	120
217	664	513	210	774	758	580	464	453	351
724	137	713	465	208	153	542	453	183	158
230	359	655	296	540	572	120	351	158	737
