10

156	386	229	206	429	169	563	397	148	534
386	247	169	188	478	319	457	532	208	386
229	169	228	160	403	320	207	267	604	341
206	188	160	194	246	460	421	366	386	404
429	478	403	246	411	239	164	382	328	484
169	319	320	460	239	499	596	539	508	514
563	457	207	421	164	596	186	543	226	494
397	532	267	366	382	539	543	463	282	509
148	208	604	386	328	508	226	282	588	509
534	386	341	404	484	514	494	509	509	231
