10

712	904	0	801	801	0	856	714	846	812
904	716	817	785	0	748	0	0	0	0
0	817	776	0	796	760	0	0	0	768
801	785	0	707	801	0	779	867	792	0
801	0	796	801	812	698	0	0	766	0
0	748	760	0	698	0	0	0	0	0
856	0	0	779	0	0	717	0	711	0
714	0	0	867	0	0	0	703	769	0
846	0	0	792	766	0	711	769	725	0
812	0	768	0	0	0	0	0	0	794
