10

150	232	83	269	245	214	99	252	132	112
232	215	130	274	102	232	138	145	178	183
83	130	136	164	154	110	242	109	184	132
269	274	164	154	201	199	190	92	264	100
245	102	154	201	209	132	84	228	198	265
214	232	110	199	132	166	163	254	268	93
99	138	242	190	84	163	78	154	193	79
252	145	109	92	228	254	154	79	221	106
132	178	184	264	198	268	193	221	250	224
112	183	132	100	265	93	79	106	224	253
