10

143	13	45	135	82	103	127	194	153	86
13	177	19	65	105	133	42	117	7	182
45	19	182	147	177	151	191	89	25	97
135	65	147	109	15	57	62	153	152	45
82	105	177	15	124	125	100	70	67	77
103	133	151	57	125	121	21	14	117	22
127	42	191	62	100	21	47	103	141	47
194	117	89	153	70	14	103	195	71	168
153	7	25	152	67	117	141	71	147	63
86	182	97	45	77	22	47	168	63	149
