10

128	124	121	124	125	126	127	123	117	121
124	119	123	129	119	118	115	115	129	119
121	123	125	128	116	120	123	119	125	122
124	129	128	122	129	119	127	128	116	116
125	119	116	129	116	124	124	120	117	121
126	118	120	119	124	122	123	115	116	123
127	115	123	127	124	123	124	124	128	125
123	115	119	128	120	115	124	127	129	116
117	129	125	116	117	116	128	129	115	115
121	119	122	116	121	123	125	116	115	127
