10

229	221	368	370	233	401	260	243	370	361
221	327	239	404	407	355	344	264	322	334
368	239	287	383	298	397	344	312	302	275
370	404	383	333	356	367	408	284	337	228
233	407	298	356	262	430	364	238	273	400
401	355	397	367	430	421	229	315	404	265
260	344	344	408	364	229	384	420	360	251
243	264	312	284	238	315	420	401	421	290
370	322	302	337	273	404	360	421	408	297
361	334	275	228	400	265	251	290	297	363
