10

0	109	162	184	104	0	0	0	125	135
109	146	0	215	176	0	0	0	0	104
162	0	111	203	121	169	0	0	114	174
184	215	203	0	116	198	0	102	134	110
104	176	121	116	148	171	167	123	0	132
0	0	169	198	171	0	183	129	0	142
0	0	0	0	167	183	163	0	162	203
0	0	0	102	123	129	0	194	191	0
125	0	114	134	0	0	162	191	196	0
135	104	174	110	132	142	203	0	0	209
