10

463	467	477	482	591	437	579	466	543	558
467	519	510	533	533	439	415	544	580	454
477	510	515	537	567	431	520	521	435	580
482	533	537	538	515	561	522	507	560	532
591	533	567	515	543	512	517	450	415	435
437	439	431	561	512	446	416	424	468	548
579	415	520	522	517	416	446	411	459	425
466	544	521	507	450	424	411	577	432	481
543	580	435	560	415	468	459	432	468	531
558	454	580	532	435	548	425	481	531	499
