10

0	501	0	0	0	0	499	0	290	0
501	132	480	0	0	250	0	0	499	0
0	480	0	0	0	0	0	0	0	0
0	0	0	0	0	0	0	454	0	0
0	0	0	0	477	0	0	0	293	0
0	250	0	0	0	414	0	0	0	0
499	0	0	0	0	0	0	225	0	0
0	0	0	454	0	0	225	0	284	101
290	499	0	0	293	0	0	284	0	478
0	0	0	0	0	0	0	101	478	440
