10

614	804	765	471	419	695	488	417	511	475
804	806	721	338	374	376	682	338	686	330
765	721	684	645	500	546	587	553	429	727
471	338	645	802	738	329	453	476	613	807
419	374	500	738	774	459	360	332	481	368
695	376	546	329	459	712	533	409	514	373
488	682	587	453	360	533	337	684	775	695
417	338	553	476	332	409	684	333	604	378
511	686	429	613	481	514	775	604	617	624
475	330	727	807	368	373	695	378	624	688
