10

305	373	300	302	371	304	301	250	329	275
373	346	367	251	379	260	361	318	348	266
300	367	276	281	277	376	311	348	353	287
302	251	281	273	348	343	325	303	276	347
371	379	277	348	342	338	346	323	263	298
304	260	376	343	338	288	313	252	283	377
301	361	311	325	346	313	352	372	304	361
250	318	348	303	323	252	372	367	278	254
329	348	353	276	263	283	304	278	318	360
275	266	287	347	298	377	361	254	360	344
