10

486	343	526	697	611	489	516	668	580	604
343	373	402	401	522	613	444	381	676	499
526	402	529	569	697	684	609	322	680	659
697	401	569	677	562	461	567	588	346	577
611	522	697	562	659	519	328	377	598	501
489	613	684	461	519	548	432	451	395	543
516	444	609	567	328	432	376	402	569	446
668	381	322	588	377	451	402	519	511	630
580	676	680	346	598	395	569	511	689	555
604	499	659	577	501	543	446	630	555	644
