10

302	193	290	191	207	457	281	353	144	282
193	426	314	301	222	279	288	500	245	377
290	314	182	181	443	235	128	498	385	269
191	301	181	456	476	240	253	213	337	182
207	222	443	476	319	405	149	507	275	211
457	279	235	240	405	397	481	342	311	429
281	288	128	253	149	481	474	242	281	495
353	500	498	213	507	342	242	458	267	352
144	245	385	337	275	311	281	267	434	469
282	377	269	182	211	429	495	352	469	294
