10

534	703	379	656	683	570	656	638	662	395
703	477	492	324	637	428	366	518	692	275
379	492	793	370	267	775	644	766	829	290
656	324	370	617	741	416	578	280	580	730
683	637	267	741	684	649	531	649	709	589
570	428	775	416	649	842	365	444	379	629
656	366	644	578	531	365	378	551	360	717
638	518	766	280	649	444	551	797	314	686
662	692	829	580	709	379	360	314	498	826
395	275	290	730	589	629	717	686	826	462
