10

647	716	0	530	485	676	502	0	569	449
716	0	434	0	438	457	430	501	578	642
0	434	727	608	653	570	0	0	687	700
530	0	608	681	0	0	472	612	724	0
485	438	653	0	580	578	455	476	0	0
676	457	570	0	578	706	501	708	724	681
502	430	0	472	455	501	0	542	618	488
0	501	0	612	476	708	542	408	671	728
569	578	687	724	0	724	618	671	477	0
449	642	700	0	0	681	488	728	0	0
