10

368	0	362	321	432	393	0	0	0	0
0	342	0	385	0	328	406	0	314	0
362	0	404	376	394	397	376	346	427	0
321	385	376	372	0	403	0	391	314	396
432	0	394	0	389	319	361	434	408	0
393	328	397	403	319	376	0	0	418	315
0	406	376	0	361	0	392	348	384	0
0	0	346	391	434	0	348	342	0	340
0	314	427	314	408	418	384	0	0	327
0	0	0	396	0	315	0	340	327	372
