10

631	615	616	636	575	521	550	577	626	565
615	624	616	630	615	556	539	551	632	597
616	616	597	571	552	571	588	633	558	641
636	630	571	623	634	586	636	544	636	581
575	615	552	634	562	603	584	614	565	575
521	556	571	586	603	604	564	544	597	549
550	539	588	636	584	564	520	551	606	609
577	551	633	544	614	544	551	586	615	631
626	632	558	636	565	597	606	615	545	637
565	597	641	581	575	549	609	631	637	605
