10

415	369	0	0	407	432	0	430	445	475
369	0	495	0	549	423	517	0	375	528
0	495	0	0	0	0	0	413	0	390
0	0	0	430	0	394	420	0	0	389
407	549	0	0	507	479	523	391	382	416
432	423	0	394	479	454	560	531	442	0
0	517	0	420	523	560	539	543	395	447
430	0	413	0	391	531	543	516	425	455
445	375	0	0	382	442	395	425	461	532
475	528	390	389	416	0	447	455	532	550
