10

365	0	390	0	0	0	0	0	420	0
0	0	430	370	442	0	406	0	334	411
390	430	0	406	0	0	370	398	0	0
0	370	406	350	0	425	352	0	433	0
0	442	0	0	0	419	392	332	426	0
0	0	0	425	419	0	0	0	0	375
0	406	370	352	392	0	0	0	0	0
0	0	398	0	332	0	0	404	417	0
420	334	0	433	426	0	0	417	414	349
0	411	0	0	0	375	0	0	349	0
