10

713	725	727	729	722	724	729	697	744	740
725	690	729	722	721	704	732	693	720	712
727	729	715	731	692	690	709	732	717	741
729	722	731	722	739	719	740	688	727	686
722	721	692	739	717	685	741	702	705	696
724	704	690	719	685	742	701	715	716	704
729	732	709	740	741	701	731	694	741	711
697	693	732	688	702	715	694	715	705	716
744	720	717	727	705	716	741	705	728	712
740	712	741	686	696	704	711	716	712	707
