10

267	330	213	185	330	216	211	295	167	166
330	143	337	108	328	276	127	113	162	225
213	337	233	323	260	238	219	291	351	215
185	108	323	163	364	212	184	191	184	208
330	328	260	364	204	335	341	153	188	260
216	276	238	212	335	177	377	309	227	347
211	127	219	184	341	377	226	151	375	350
295	113	291	191	153	309	151	330	370	164
167	162	351	184	188	227	375	370	291	290
166	225	215	208	260	347	350	164	290	327
