10

543	691	737	653	754	614	573	604	669	739
691	763	700	573	577	731	695	627	671	550
737	700	806	765	806	596	569	804	575	588
653	573	765	677	680	592	618	742	578	662
754	577	806	680	570	721	721	618	609	614
614	731	596	592	721	707	591	607	795	719
573	695	569	618	721	591	560	537	779	607
604	627	804	742	618	607	537	756	731	546
669	671	575	578	609	795	779	731	537	567
739	550	588	662	614	719	607	546	567	715
