10

81	83	72	153	125	182	175	69	60	88
83	100	112	111	139	73	77	129	165	81
72	112	79	157	183	70	68	185	61	77
153	111	157	120	57	146	123	104	164	103
125	139	183	57	173	168	150	97	145	133
182	73	70	146	168	90	177	166	121	63
175	77	68	123	150	177	161	147	182	181
69	129	185	104	97	166	147	79	152	131
60	165	61	164	145	121	182	152	90	101
88	81	77	103	133	63	181	131	101	76
