10

211	231	227	286	317	308	269	254	304	276
231	215	213	207	297	252	252	225	290	220
227	213	209	267	284	241	242	213	228	275
286	207	267	217	296	259	215	267	236	241
317	297	284	296	232	215	308	283	273	292
308	252	241	259	215	210	250	304	290	225
269	252	242	215	308	250	262	271	258	249
254	225	213	267	283	304	271	315	292	272
304	290	228	236	273	290	258	292	297	282
276	220	275	241	292	225	249	272	282	300
