10

448	556	584	494	516	411	415	534	577	546
556	538	541	583	522	580	578	579	412	470
584	541	578	543	447	490	418	433	511	583
494	583	543	493	419	534	553	575	549	450
516	522	447	419	552	566	546	471	452	524
411	580	490	534	566	465	429	415	555	484
415	578	418	553	546	429	457	506	426	511
534	579	433	575	471	415	506	510	431	440
577	412	511	549	452	555	426	431	551	466
546	470	583	450	524	484	511	440	466	534
