10

429	358	370	0	0	360	405	0	362	414
358	410	361	418	405	0	0	0	422	0
370	361	0	0	341	397	362	432	0	0
0	418	0	0	384	0	0	406	413	361
0	405	341	384	398	410	408	410	339	347
360	0	397	0	410	430	389	358	411	405
405	0	362	0	408	389	0	0	370	376
0	0	432	406	410	358	0	348	0	379
362	422	0	413	339	411	370	0	0	370
414	0	0	361	347	405	376	379	370	372
