10

707	674	650	587	792	678	779	623	615	675
674	660	583	749	670	669	682	768	730	641
650	583	749	695	670	686	686	640	590	591
587	749	695	748	590	608	645	591	722	787
792	670	670	590	608	636	751	682	783	737
678	669	686	608	636	592	653	606	736	758
779	682	686	645	751	653	625	799	661	663
623	768	640	591	682	606	799	790	600	694
615	730	590	722	783	736	661	600	648	685
675	641	591	787	737	758	663	694	685	678
