10

395	374	407	379	374	381	408	388	400	393
374	409	409	412	391	382	386	382	400	389
407	409	387	388	387	376	401	409	407	388
379	412	388	408	390	381	380	374	406	376
374	391	387	390	380	378	375	393	412	407
381	382	376	381	378	386	386	403	395	386
408	386	401	380	375	386	391	392	393	411
388	382	409	374	393	403	392	396	389	410
400	400	407	406	412	395	393	389	384	393
393	389	388	376	407	386	411	410	393	398
