10

249	237	256	244	246	260	257	258	260	257
237	253	227	238	249	248	247	234	258	226
256	227	246	245	255	232	254	227	250	255
244	238	245	226	233	245	243	237	241	231
246	249	255	233	250	250	234	229	248	252
260	248	232	245	250	256	252	255	240	257
257	247	254	243	234	252	249	228	225	255
258	234	227	237	229	255	228	244	258	261
260	258	250	241	248	240	225	258	245	226
257	226	255	231	252	257	255	261	226	254
