10

321	561	474	541	636	129	172	168	196	483
561	507	156	291	344	397	139	458	185	601
474	156	178	257	439	223	240	461	390	535
541	291	257	217	521	589	403	321	470	300
636	344	439	521	192	164	366	331	381	550
129	397	223	589	164	491	147	213	619	418
172	139	240	403	366	147	206	341	491	391
168	458	461	321	331	213	341	413	524	633
196	185	390	470	381	619	491	524	423	504
483	601	535	300	550	418	391	633	504	254
