10

253	341	419	316	625	244	282	589	636	583
341	540	773	654	387	782	622	228	404	780
419	773	632	697	389	631	747	319	688	671
316	654	697	484	696	244	252	526	713	730
625	387	389	696	378	293	316	320	520	637
244	782	631	244	293	469	349	644	772	638
282	622	747	252	316	349	439	739	390	776
589	228	319	526	320	644	739	541	389	324
636	404	688	713	520	772	390	389	233	730
583	780	671	730	637	638	776	324	730	609
