10

443	882	658	452	742	621	873	407	901	358
882	420	431	646	840	422	619	341	479	351
658	431	865	712	904	816	458	493	784	601
452	646	712	569	595	816	888	858	412	874
742	840	904	595	346	721	865	757	757	468
621	422	816	816	721	627	641	891	836	580
873	619	458	888	865	641	489	812	845	793
407	341	493	858	757	891	812	632	936	328
901	479	784	412	757	836	845	936	686	641
358	351	601	874	468	580	793	328	641	435
