10

18	12	17	9	4	17	6	15	7	8
12	7	6	15	11	11	13	11	10	6
17	6	8	6	16	14	4	12	12	8
9	15	6	8	14	13	7	12	18	12
4	11	16	14	10	16	8	9	9	17
17	11	14	13	16	6	6	18	9	14
6	13	4	7	8	6	12	9	11	8
15	11	12	12	9	18	9	17	9	10
7	10	12	18	9	9	11	9	8	16
8	6	8	12	17	14	8	10	16	14
