10

606	633	639	605	608	617	647	609	628	620
633	654	611	629	607	632	605	634	627	633
639	611	633	626	651	653	639	610	656	616
605	629	626	649	613	653	617	651	608	639
608	607	651	613	620	606	611	619	632	631
617	632	653	653	606	606	653	603	612	626
647	605	639	617	611	653	613	638	602	607
609	634	610	651	619	603	638	654	628	614
628	627	656	608	632	612	602	628	633	617
620	633	616	639	631	626	607	614	617	653
