10

360	385	355	369	340	305	329	373	304	359
385	304	382	342	372	329	288	369	359	372
355	382	328	290	394	330	299	366	303	335
369	342	290	307	337	373	348	398	359	391
340	372	394	337	320	394	382	322	322	305
305	329	330	373	394	392	394	359	361	371
329	288	299	348	382	394	353	389	306	395
373	369	366	398	322	359	389	371	324	292
304	359	303	359	322	361	306	324	361	294
359	372	335	391	305	371	395	292	294	308
