10

129	71	105	127	93	134	80	95	111	84
71	124	107	79	86	122	91	106	63	94
105	107	81	88	59	52	107	70	135	73
127	79	88	123	106	114	95	57	114	68
93	86	59	106	63	66	94	112	80	111
134	122	52	114	66	78	99	115	64	110
80	91	107	95	94	99	79	56	67	121
95	106	70	57	112	115	56	132	118	76
111	63	135	114	80	64	67	118	91	106
84	94	73	68	111	110	121	76	106	80
