10

390	567	598	403	556	593	493	605	771	532
567	466	728	279	549	305	448	282	793	557
598	728	879	393	381	701	290	561	459	652
403	279	393	764	616	269	310	781	768	351
556	549	381	616	435	853	285	700	287	500
593	305	701	269	853	410	376	838	682	565
493	448	290	310	285	376	720	502	473	595
605	282	561	781	700	838	502	653	379	587
771	793	459	768	287	682	473	379	387	469
532	557	652	351	500	565	595	587	469	727
