10

845	741	842	759	674	560	818	670	608	968
741	872	594	735	845	737	535	895	896	689
842	594	772	763	603	783	901	922	532	772
759	735	763	679	894	741	832	975	649	603
674	845	603	894	764	669	571	803	572	898
560	737	783	741	669	800	804	784	799	712
818	535	901	832	571	804	702	938	780	538
670	895	922	975	803	784	938	636	723	684
608	896	532	649	572	799	780	723	669	854
968	689	772	603	898	712	538	684	854	891
