10

364	389	449	502	354	460	454	516	396	434
389	519	514	473	491	349	402	471	480	508
449	514	374	443	502	430	400	398	383	464
502	473	443	349	498	317	478	498	473	335
354	491	502	498	404	479	498	315	475	513
460	349	430	317	479	367	486	390	309	310
454	402	400	478	498	486	524	413	500	415
516	471	398	498	315	390	413	410	407	397
396	480	383	473	475	309	500	407	337	377
434	508	464	335	513	310	415	397	377	454
