10

335	328	285	189	0	151	382	99	0	190
328	280	274	0	356	134	367	380	0	229
285	274	0	230	326	0	0	0	0	191
189	0	230	426	418	0	380	134	0	0
0	356	326	418	0	0	0	0	286	0
151	134	0	0	0	358	0	426	0	134
382	367	0	380	0	0	339	339	71	161
99	380	0	134	0	426	339	327	98	320
0	0	0	0	286	0	71	98	117	0
190	229	191	0	0	134	161	320	0	0
