10

794	696	813	522	882	723	472	549	889	488
696	563	555	550	871	946	589	686	708	910
813	555	725	822	754	865	502	893	742	878
522	550	822	527	464	490	915	596	654	667
882	871	754	464	687	703	795	541	691	533
723	946	865	490	703	468	547	847	476	569
472	589	502	915	795	547	709	476	574	936
549	686	893	596	541	847	476	904	735	766
889	708	742	654	691	476	574	735	878	572
488	910	878	667	533	569	936	766	572	461
