10

239	0	0	347	0	199	373	245	0	259
0	0	373	340	203	0	193	442	0	319
0	373	335	162	0	0	141	0	0	182
347	340	162	0	0	0	131	190	0	340
0	203	0	0	0	92	418	243	308	0
199	0	0	0	92	282	0	389	0	0
373	193	141	131	418	0	0	330	0	353
245	442	0	190	243	389	330	241	426	337
0	0	0	0	308	0	0	426	418	0
259	319	182	340	0	0	353	337	0	0
