10

447	105	190	392	303	603	352	291	443	314
105	164	584	106	206	145	206	474	512	431
190	584	253	260	143	415	415	467	294	160
392	106	260	262	403	129	120	474	167	438
303	206	143	403	286	469	391	148	447	366
603	145	415	129	469	574	501	208	559	222
352	206	415	120	391	501	596	272	299	421
291	474	467	474	148	208	272	434	568	458
443	512	294	167	447	559	299	568	241	136
314	431	160	438	366	222	421	458	136	461
