10

641	518	508	568	456	595	519	557	496	400
518	392	382	560	610	640	529	621	491	610
508	382	378	498	530	465	376	485	429	477
568	560	498	462	590	458	468	474	450	579
456	610	530	590	562	429	470	588	504	606
595	640	465	458	429	599	579	384	449	500
519	529	376	468	470	579	584	488	610	422
557	621	485	474	588	384	488	503	594	620
496	491	429	450	504	449	610	594	524	506
400	610	477	579	606	500	422	620	506	615
