10

0	478	446	0	0	0	831	0	0	0
478	499	0	0	0	730	0	791	390	571
446	0	0	483	379	0	0	0	0	753
0	0	483	0	704	474	0	0	758	0
0	0	379	704	0	0	789	581	484	0
0	730	0	474	0	0	0	524	0	0
831	0	0	0	789	0	0	750	0	0
0	791	0	0	581	524	750	671	0	0
0	390	0	758	484	0	0	0	0	0
0	571	753	0	0	0	0	0	0	0
