10

754	483	568	756	451	452	404	646	441	750
483	648	455	646	401	581	704	459	776	571
568	455	477	548	681	454	643	422	632	497
756	646	548	664	395	637	696	793	427	714
451	401	681	395	457	514	707	742	488	666
452	581	454	637	514	637	426	470	565	670
404	704	643	696	707	426	461	715	679	512
646	459	422	793	742	470	715	688	637	466
441	776	632	427	488	565	679	637	792	573
750	571	497	714	666	670	512	466	573	750
