10

122	0	125	123	0	128	124	128	121	128
0	130	0	129	129	126	0	130	0	0
125	0	124	123	128	124	126	0	0	126
123	129	123	0	123	122	0	129	0	121
0	129	128	123	126	130	121	0	123	0
128	126	124	122	130	0	127	0	124	125
124	0	126	0	121	127	121	129	129	0
128	130	0	129	0	0	129	127	0	129
121	0	0	0	123	124	129	0	126	121
128	0	126	121	0	125	0	129	121	0
