10

402	583	422	475	484	449	511	504	0	457
583	561	0	452	0	430	0	528	0	568
422	0	0	438	579	514	511	487	0	549
475	452	438	579	0	0	0	0	452	0
484	0	579	0	516	0	529	0	503	0
449	430	514	0	0	495	439	554	434	0
511	0	511	0	529	439	563	445	547	536
504	528	487	0	0	554	445	0	551	499
0	0	0	452	503	434	547	551	544	497
457	568	549	0	0	0	536	499	497	461
