10

878	879	869	888	901	869	868	885	874	902
879	902	875	875	892	885	870	889	873	887
869	875	895	899	885	884	900	894	880	867
888	875	899	901	887	900	889	872	896	893
901	892	885	887	900	890	872	867	875	894
869	885	884	900	890	884	894	881	896	887
868	870	900	889	872	894	895	878	867	875
885	889	894	872	867	881	878	902	884	873
874	873	880	896	875	896	867	884	901	902
902	887	867	893	894	887	875	873	902	870
