10

503	533	510	505	522	473	529	506	550	460
533	541	479	470	508	512	485	550	539	486
510	479	498	524	464	466	453	459	531	473
505	470	524	521	475	546	499	491	488	495
522	508	464	475	476	542	493	539	470	476
473	512	466	546	542	466	527	544	539	501
529	485	453	499	493	527	521	482	530	530
506	550	459	491	539	544	482	491	539	465
550	539	531	488	470	539	530	539	550	547
460	486	473	495	476	501	530	465	547	480
