10

527	549	458	565	387	600	649	753	629	355
549	851	368	681	502	664	800	568	799	385
458	368	203	270	647	273	275	218	447	436
565	681	270	381	708	526	559	466	802	676
387	502	647	708	800	599	382	395	823	267
600	664	273	526	599	305	175	582	195	498
649	800	275	559	382	175	796	556	233	684
753	568	218	466	395	582	556	529	591	452
629	799	447	802	823	195	233	591	863	522
355	385	436	676	267	498	684	452	522	547
