10

304	286	318	304	283	276	269	301	304	282
286	286	274	312	0	288	299	264	268	309
318	274	307	278	274	265	320	0	292	306
304	312	278	0	316	310	272	299	273	277
283	0	274	316	310	313	316	0	0	0
276	288	265	310	313	313	0	0	303	286
269	299	320	272	316	0	272	304	0	315
301	264	0	299	0	0	304	310	271	287
304	268	292	273	0	303	0	271	267	283
282	309	306	277	0	286	315	287	283	309
