10

101	87	106	100	0	0	0	0	0	0
87	0	80	80	0	81	106	0	91	0
106	80	0	107	91	0	86	107	106	0
100	80	107	91	82	97	0	0	102	80
0	0	91	82	0	89	0	0	0	96
0	81	0	97	89	99	0	85	86	80
0	106	86	0	0	0	69	0	107	98
0	0	107	0	0	85	0	0	101	0
0	91	106	102	0	86	107	101	96	101
0	0	0	80	96	80	98	0	101	0
