10

471	380	404	566	576	586	602	458	470	505
380	440	470	560	411	458	634	455	546	397
404	470	621	569	558	463	403	529	601	610
566	560	569	418	600	487	608	560	436	380
576	411	558	600	472	539	618	499	422	476
586	458	463	487	539	590	553	439	504	435
602	634	403	608	618	553	498	631	626	447
458	455	529	560	499	439	631	471	509	467
470	546	601	436	422	504	626	509	410	412
505	397	610	380	476	435	447	467	412	381
