10

0	509	613	63	360	0	526	405	135	898
509	0	305	0	672	0	601	188	0	0
613	305	0	496	871	356	0	290	0	178
63	0	496	258	767	682	0	0	207	0
360	672	871	767	140	350	0	124	0	280
0	0	356	682	350	346	0	409	0	495
526	601	0	0	0	0	0	0	648	756
405	188	290	0	124	409	0	0	467	616
135	0	0	207	0	0	648	467	0	714
898	0	178	0	280	495	756	616	714	0
