10

0	518	532	0	0	548	518	502	0	0
518	0	521	615	555	0	0	0	0	539
532	521	579	534	523	615	0	518	583	563
0	615	534	593	623	592	583	592	499	543
0	555	523	623	512	0	513	622	575	604
548	0	615	592	0	0	554	565	0	502
518	0	0	583	513	554	614	0	546	0
502	0	518	592	622	565	0	0	0	591
0	0	583	499	575	0	546	0	547	516
0	539	563	543	604	502	0	591	516	0
