10

178	185	234	163	202	163	190	240	233	200
185	223	213	177	146	201	162	225	152	253
234	213	232	196	185	164	189	158	191	182
163	177	196	156	250	189	172	167	232	223
202	146	185	250	190	190	201	176	179	216
163	201	164	189	190	174	238	167	216	147
190	162	189	172	201	238	228	178	239	192
240	225	158	167	176	167	178	151	236	144
233	152	191	232	179	216	239	236	234	232
200	253	182	223	216	147	192	144	232	240
