10

199	201	127	149	221	187	122	126	136	167
201	161	242	134	130	205	221	195	186	148
127	242	199	227	153	138	160	138	215	173
149	134	227	197	140	151	207	161	136	214
221	130	153	140	223	151	177	154	161	181
187	205	138	151	151	202	218	233	238	124
122	221	160	207	177	218	136	170	216	163
126	195	138	161	154	233	170	151	169	229
136	186	215	136	161	238	216	169	182	221
167	148	173	214	181	124	163	229	221	186
