10

316	393	727	607	822	389	286	423	586	471
393	457	247	270	831	504	618	416	448	464
727	247	729	834	829	675	607	517	826	609
607	270	834	736	636	356	256	734	830	332
822	831	829	636	528	638	268	243	797	374
389	504	675	356	638	758	523	442	548	737
286	618	607	256	268	523	612	328	760	442
423	416	517	734	243	442	328	755	644	323
586	448	826	830	797	548	760	644	348	648
471	464	609	332	374	737	442	323	648	711
