10

638	676	690	647	670	663	617	680	667	637
676	683	654	671	654	640	660	697	697	648
690	654	631	664	621	617	632	650	676	692
647	671	664	683	690	684	682	646	688	672
670	654	621	690	619	687	686	689	666	677
663	640	617	684	687	618	635	679	647	679
617	660	632	682	686	635	671	668	674	652
680	697	650	646	689	679	668	636	652	661
667	697	676	688	666	647	674	652	697	671
637	648	692	672	677	679	652	661	671	620
