10

546	556	555	0	0	0	0	0	0	578
556	558	0	0	541	545	589	0	0	0
555	0	550	0	0	552	556	547	0	0
0	0	0	0	550	0	587	532	0	528
0	541	0	550	0	543	562	535	592	0
0	545	552	0	543	566	597	0	555	541
0	589	556	587	562	597	589	594	560	0
0	0	547	532	535	0	594	0	0	0
0	0	0	0	592	555	560	0	549	584
578	0	0	528	0	541	0	0	584	589
