10

450	392	452	371	438	378	407	403	436	425
392	415	365	404	381	396	406	384	395	449
452	365	451	384	379	457	373	367	453	390
371	404	384	418	374	450	413	401	451	365
438	381	379	374	422	374	417	424	428	382
378	396	457	450	374	453	456	376	362	424
407	406	373	413	417	456	368	382	379	386
403	384	367	401	424	376	382	384	408	376
436	395	453	451	428	362	379	408	395	406
425	449	390	365	382	424	386	376	406	411
