10

501	506	484	488	508	483	0	482	0	511
506	511	483	503	487	0	488	0	502	0
484	483	501	485	482	500	503	0	507	486
488	503	485	0	0	505	496	487	493	484
508	487	482	0	489	491	500	508	0	494
483	0	500	505	491	509	0	0	486	497
0	488	503	496	500	0	486	0	485	487
482	0	0	487	508	0	0	500	0	496
0	502	507	493	0	486	485	0	488	491
511	0	486	484	494	497	487	496	491	509
