10

385	342	317	458	422	378	442	313	410	427
342	354	292	362	315	336	446	470	368	474
317	292	431	320	344	458	393	339	388	410
458	362	320	304	461	322	352	440	313	474
422	315	344	461	440	403	349	297	337	331
378	336	458	322	403	337	380	466	303	378
442	446	393	352	349	380	477	413	394	415
313	470	339	440	297	466	413	303	292	466
410	368	388	313	337	303	394	292	358	436
427	474	410	474	331	378	415	466	436	428
