10

271	290	139	189	210	232	137	115	189	250
290	246	246	200	174	284	109	206	215	71
139	246	276	209	165	217	267	280	288	193
189	200	209	71	86	275	271	59	280	95
210	174	165	86	251	78	195	99	200	188
232	284	217	275	78	97	116	115	175	110
137	109	267	271	195	116	176	261	141	92
115	206	280	59	99	115	261	222	188	252
189	215	288	280	200	175	141	188	80	265
250	71	193	95	188	110	92	252	265	248
