10

221	473	30	821	167	674	296	829	265	809
473	850	650	531	768	946	705	680	494	63
30	650	362	77	277	769	501	103	139	319
821	531	77	262	145	387	138	217	925	471
167	768	277	145	836	953	715	634	892	789
674	946	769	387	953	230	443	326	260	582
296	705	501	138	715	443	943	28	150	374
829	680	103	217	634	326	28	198	798	791
265	494	139	925	892	260	150	798	30	690
809	63	319	471	789	582	374	791	690	478
