10

0	0	0	0	770	198	0	770	693	0
0	0	651	480	0	819	646	0	0	0
0	651	490	246	800	0	748	0	867	301
0	480	246	0	0	0	0	863	295	0
770	0	800	0	0	229	0	0	452	396
198	819	0	0	229	0	0	675	0	0
0	646	748	0	0	0	449	575	883	721
770	0	0	863	0	675	575	732	0	0
693	0	867	295	452	0	883	0	0	500
0	0	301	0	396	0	721	0	500	742
