10

0	0	148	156	0	120	0	0	253	141
0	111	211	0	124	0	0	102	152	183
148	211	0	133	189	175	137	0	127	255
156	0	133	263	269	164	0	239	188	0
0	124	189	269	93	0	152	0	205	232
120	0	175	164	0	124	232	243	0	222
0	0	137	0	152	232	171	0	219	98
0	102	0	239	0	243	0	0	256	145
253	152	127	188	205	0	219	256	91	153
141	183	255	0	232	222	98	145	153	0
