10

693	650	324	338	693	310	403	0	537	0
650	380	0	492	495	323	617	364	0	0
324	0	0	541	354	0	344	0	283	554
338	492	541	312	284	0	0	653	0	0
693	495	354	284	0	0	0	0	581	0
310	323	0	0	0	623	0	0	0	0
403	617	344	0	0	0	0	339	0	0
0	364	0	653	0	0	339	374	447	0
537	0	283	0	581	0	0	447	569	533
0	0	554	0	0	0	0	0	533	0
