10

549	580	524	605	569	544	548	524	524	502
580	578	607	617	512	597	498	596	552	507
524	607	607	527	517	557	538	530	622	534
605	617	527	606	516	595	548	513	495	522
569	512	517	516	545	622	559	608	507	577
544	597	557	595	622	586	531	556	516	534
548	498	538	548	559	531	512	555	509	561
524	596	530	513	608	556	555	530	608	526
524	552	622	495	507	516	509	608	591	505
502	507	534	522	577	534	561	526	505	598
