10

958	957	961	941	945	984	932	935	966	977
957	953	960	954	942	948	980	934	962	961
961	960	938	909	962	970	905	981	936	962
941	954	909	973	942	986	945	946	954	905
945	942	962	942	947	978	956	942	961	972
984	948	970	986	978	964	919	930	910	972
932	980	905	945	956	919	962	954	912	943
935	934	981	946	942	930	954	952	918	952
966	962	936	954	961	910	912	918	972	910
977	961	962	905	972	972	943	952	910	932
