10

113	118	113	109	116	115	112	116	117	108
118	114	115	116	111	113	112	116	108	116
113	115	117	114	112	113	115	110	109	117
109	116	114	116	108	109	115	119	109	117
116	111	112	108	119	116	119	109	110	110
115	113	113	109	116	109	114	111	114	112
112	112	115	115	119	114	110	114	119	112
116	116	110	119	109	111	114	110	114	119
117	108	109	109	110	114	119	114	112	109
108	116	117	117	110	112	112	119	109	109
