10

411	660	290	413	192	270	469	414	389	449
660	660	456	336	463	466	488	399	551	191
290	456	314	579	354	327	259	441	626	518
413	336	579	484	605	441	582	256	397	226
192	463	354	605	345	274	660	200	272	190
270	466	327	441	274	507	223	438	457	231
469	488	259	582	660	223	427	417	533	574
414	399	441	256	200	438	417	576	192	298
389	551	626	397	272	457	533	192	429	602
449	191	518	226	190	231	574	298	602	578
