10

455	666	613	623	707	597	622	526	372	699
666	553	388	647	723	541	519	521	541	0
613	388	509	557	459	710	718	380	443	365
623	647	557	0	0	510	695	579	584	743
707	723	459	0	379	372	345	520	676	620
597	541	710	510	372	452	346	379	0	344
622	519	718	695	345	346	577	363	449	0
526	521	380	579	520	379	363	513	352	570
372	541	443	584	676	0	449	352	706	607
699	0	365	743	620	344	0	570	607	536
