10

627	630	598	603	605	635	623	624	609	604
630	611	608	616	614	615	617	614	618	618
598	608	611	614	610	621	615	597	629	613
603	616	614	632	595	617	601	614	598	617
605	614	610	595	613	617	617	624	607	634
635	615	621	617	617	613	617	617	630	621
623	617	615	601	617	617	612	600	603	616
624	614	597	614	624	617	600	632	632	604
609	618	629	598	607	630	603	632	628	625
604	618	613	617	634	621	616	604	625	616
