10

0	565	759	772	388	556	425	800	0	0
565	543	491	0	0	786	0	0	0	578
759	491	0	0	609	0	510	580	0	551
772	0	0	491	561	0	0	0	579	547
388	0	609	561	0	0	596	441	650	0
556	786	0	0	0	450	507	477	483	657
425	0	510	0	596	507	519	501	712	615
800	0	580	0	441	477	501	645	701	695
0	0	0	579	650	483	712	701	0	441
0	578	551	547	0	657	615	695	441	642
