10

292	278	192	250	199	177	309	139	292	152
278	295	232	194	314	183	189	226	231	145
192	232	225	213	275	293	147	296	312	292
250	194	213	290	276	233	179	308	228	243
199	314	275	276	194	312	267	270	239	212
177	183	293	233	312	164	249	192	223	280
309	189	147	179	267	249	182	287	291	219
139	226	296	308	270	192	287	168	291	245
292	231	312	228	239	223	291	291	219	145
152	145	292	243	212	280	219	245	145	137
