10

816	870	876	811	846	814	849	833	817	842
870	880	813	875	811	838	802	800	831	881
876	813	876	874	799	815	844	826	799	849
811	875	874	845	818	793	811	882	836	851
846	811	799	818	807	871	877	844	852	788
814	838	815	793	871	805	859	863	856	815
849	802	844	811	877	859	842	803	879	816
833	800	826	882	844	863	803	876	833	826
817	831	799	836	852	856	879	833	801	866
842	881	849	851	788	815	816	826	866	860
