10

275	417	435	456	359	292	369	349	482	334
417	432	434	473	357	400	323	422	488	448
435	434	356	341	441	302	305	298	382	449
456	473	341	355	423	342	389	414	404	285
359	357	441	423	349	394	276	403	486	287
292	400	302	342	394	464	266	283	473	278
369	323	305	389	276	266	340	303	438	298
349	422	298	414	403	283	303	377	477	307
482	488	382	404	486	473	438	477	301	302
334	448	449	285	287	278	298	307	302	481
