10

797	570	640	858	644	531	593	758	587	394
570	539	643	445	334	674	559	524	622	683
640	643	490	811	302	484	792	598	637	540
858	445	811	533	673	435	476	535	546	311
644	334	302	673	673	754	427	645	821	709
531	674	484	435	754	713	713	515	753	695
593	559	792	476	427	713	620	612	329	777
758	524	598	535	645	515	612	339	358	606
587	622	637	546	821	753	329	358	563	474
394	683	540	311	709	695	777	606	474	667
