10

45	36	165	174	102	110	77	84	126	18
36	108	125	170	10	85	89	62	175	2
165	125	20	117	22	102	114	28	173	135
174	170	117	19	162	120	27	104	113	153
102	10	22	162	73	31	169	2	21	130
110	85	102	120	31	99	113	51	77	134
77	89	114	27	169	113	88	135	56	5
84	62	28	104	2	51	135	172	47	58
126	175	173	113	21	77	56	47	25	40
18	2	135	153	130	134	5	58	40	138
