10

184	171	185	280	205	125	215	129	215	261
171	246	234	82	251	279	194	80	119	189
185	234	137	214	231	180	242	149	180	68
280	82	214	129	158	80	97	166	195	74
205	251	231	158	270	250	186	234	245	158
125	279	180	80	250	266	164	133	199	161
215	194	242	97	186	164	221	175	278	114
129	80	149	166	234	133	175	201	100	91
215	119	180	195	245	199	278	100	250	209
261	189	68	74	158	161	114	91	209	137
