10

176	98	217	119	239	144	145	172	132	108
98	110	182	148	62	114	132	192	61	83
217	182	97	154	94	144	169	202	151	211
119	148	154	188	108	157	93	230	152	156
239	62	94	108	74	253	211	205	214	205
144	114	144	157	253	171	188	73	260	259
145	132	169	93	211	188	133	181	241	93
172	192	202	230	205	73	181	80	166	233
132	61	151	152	214	260	241	166	114	205
108	83	211	156	205	259	93	233	205	103
