10

54	43	56	24	54	54	55	27	57	26
43	43	39	27	54	26	22	44	50	36
56	39	22	23	45	22	53	51	52	48
24	27	23	57	28	48	54	33	51	56
54	54	45	28	52	29	28	42	56	31
54	26	22	48	29	32	30	28	26	24
55	22	53	54	28	30	29	49	30	23
27	44	51	33	42	28	49	54	33	52
57	50	52	51	56	26	30	33	35	53
26	36	48	56	31	24	23	52	53	47
