10

349	514	289	333	410	462	331	400	431	520
514	542	480	359	474	301	547	326	523	285
289	480	540	424	533	480	389	450	440	299
333	359	424	512	299	538	368	566	555	490
410	474	533	299	405	346	459	282	524	293
462	301	480	538	346	334	349	308	409	453
331	547	389	368	459	349	379	362	328	519
400	326	450	566	282	308	362	499	354	467
431	523	440	555	524	409	328	354	402	417
520	285	299	490	293	453	519	467	417	301
