10

54	321	0	0	307	0	0	437	0	0
321	213	235	0	138	0	0	38	0	197
0	235	0	0	42	0	0	0	0	82
0	0	0	0	0	283	0	281	0	563
307	138	42	0	0	218	0	231	0	0
0	0	0	283	218	370	0	0	464	419
0	0	0	0	0	0	564	100	370	0
437	38	0	281	231	0	100	531	532	507
0	0	0	0	0	464	370	532	284	0
0	197	82	563	0	419	0	507	0	0
