10

255	272	353	601	0	186	0	161	465	0
272	143	0	129	0	244	448	247	597	0
353	0	0	0	386	0	0	0	600	310
601	129	0	321	0	407	562	0	0	147
0	0	386	0	238	0	0	0	495	48
186	244	0	407	0	513	267	169	0	0
0	448	0	562	0	267	0	131	0	474
161	247	0	0	0	169	131	97	0	0
465	597	600	0	495	0	0	0	588	0
0	0	310	147	48	0	474	0	0	0
