10

243	0	0	235	0	125	0	152	68	226
0	220	0	0	0	186	0	175	118	0
0	0	81	0	0	178	202	29	0	71
235	0	0	245	57	39	33	191	67	0
0	0	0	57	125	0	45	25	0	219
125	186	178	39	0	95	0	146	0	0
0	0	202	33	45	0	0	201	181	50
152	175	29	191	25	146	201	158	0	34
68	118	0	67	0	0	181	0	0	0
226	0	71	0	219	0	50	34	0	71
