10

458	0	341	0	524	544	471	495	545	358
0	441	357	322	555	561	255	422	452	418
341	357	0	477	277	0	370	386	320	333
0	322	477	0	0	0	0	587	284	0
524	555	277	0	393	293	482	516	480	578
544	561	0	0	293	582	0	526	0	279
471	255	370	0	482	0	0	0	0	0
495	422	386	587	516	526	0	0	507	435
545	452	320	284	480	0	0	507	0	0
358	418	333	0	578	279	0	435	0	454
