10

434	560	476	421	0	340	453	597	502	448
560	585	538	602	512	409	365	456	373	445
476	538	546	0	0	0	476	560	566	0
421	602	0	411	399	451	407	369	471	589
0	512	0	399	455	0	0	363	523	418
340	409	0	451	0	438	421	559	0	513
453	365	476	407	0	421	492	0	395	0
597	456	560	369	363	559	0	368	418	519
502	373	566	471	523	0	395	418	0	473
448	445	0	589	418	513	0	519	473	456
