10

205	0	0	0	0	238	0	0	344	211
0	285	0	356	0	187	211	0	177	0
0	0	252	279	0	0	263	0	0	0
0	356	279	0	0	395	156	0	0	0
0	0	0	0	323	251	289	248	0	0
238	187	0	395	251	0	0	0	0	0
0	211	263	156	289	0	288	354	0	181
0	0	0	0	248	0	354	330	0	0
344	177	0	0	0	0	0	0	155	327
211	0	0	0	0	0	181	0	327	177
