10

0	0	272	333	0	327	256	0	0	0
0	0	315	323	0	0	0	0	271	265
272	315	0	233	242	285	396	409	402	0
333	323	233	304	0	0	0	0	0	357
0	0	242	0	258	0	0	327	0	0
327	0	285	0	0	299	260	0	0	0
256	0	396	0	0	260	243	0	391	0
0	0	409	0	327	0	0	0	0	0
0	271	402	0	0	0	391	0	0	0
0	265	0	357	0	0	0	0	0	0
