10

826	0	0	773	823	0	839	877	931	0
0	870	0	0	851	0	880	867	0	918
0	0	776	830	0	790	0	873	0	796
773	0	830	884	885	776	901	910	827	0
823	851	0	885	890	825	837	0	826	880
0	0	790	776	825	883	846	932	877	0
839	880	0	901	837	846	0	0	816	931
877	867	873	910	0	932	0	923	0	0
931	0	0	827	826	877	816	0	922	860
0	918	796	0	880	0	931	0	860	908
