10

208	170	197	158	199	202	168	131	181	167
170	223	199	142	192	224	143	143	149	217
197	199	160	156	220	223	164	161	219	181
158	142	156	144	146	190	183	171	203	170
199	192	220	146	176	169	135	143	196	149
202	224	223	190	169	142	194	224	219	205
168	143	164	183	135	194	157	209	138	146
131	143	161	171	143	224	209	165	160	140
181	149	219	203	196	219	138	160	196	153
167	217	181	170	149	205	146	140	153	134
