10

51	41	51	49	42	59	50	57	59	56
41	38	67	38	72	53	57	72	63	42
51	67	47	49	42	72	38	41	40	45
49	38	49	68	65	53	70	64	53	56
42	72	42	65	48	65	42	61	65	64
59	53	72	53	65	58	47	57	60	45
50	57	38	70	42	47	40	50	70	47
57	72	41	64	61	57	50	43	37	57
59	63	40	53	65	60	70	37	39	47
56	42	45	56	64	45	47	57	47	45
