10

157	156	162	166	175	174	156	164	160	166
156	160	176	157	166	156	161	156	176	158
162	176	159	159	167	165	175	160	167	176
166	157	159	165	173	172	171	158	167	171
175	166	167	173	175	158	162	156	160	159
174	156	165	172	158	172	173	166	175	174
156	161	175	171	162	173	161	166	165	163
164	156	160	158	156	166	166	159	168	161
160	176	167	167	160	175	165	168	164	162
166	158	176	171	159	174	163	161	162	162
