10

426	433	430	432	434	431	427	427	426	426
433	423	431	437	435	422	431	431	435	428
430	431	436	437	426	431	430	427	434	437
432	437	437	433	424	435	425	427	426	435
434	435	426	424	423	438	437	433	425	430
431	422	431	435	438	426	433	438	422	429
427	431	430	425	437	433	434	427	425	438
427	431	427	427	433	438	427	437	422	436
426	435	434	426	425	422	425	422	431	437
426	428	437	435	430	429	438	436	437	426
