10

447	402	444	273	380	292	465	285	320	410
402	293	357	321	466	345	308	437	439	355
444	357	287	271	284	391	293	351	454	287
273	321	271	289	413	387	320	342	298	375
380	466	284	413	393	389	441	327	352	406
292	345	391	387	389	442	327	446	387	365
465	308	293	320	441	327	371	454	384	292
285	437	351	342	327	446	454	292	306	279
320	439	454	298	352	387	384	306	401	460
410	355	287	375	406	365	292	279	460	418
