10

592	538	0	561	624	578	615	610	570	0
538	569	0	0	0	0	543	623	0	0
0	0	0	0	0	570	585	631	563	0
561	0	0	602	0	589	0	547	596	0
624	0	0	0	536	571	600	0	0	611
578	0	570	589	571	554	0	0	559	532
615	543	585	0	600	0	544	0	557	0
610	623	631	547	0	0	0	0	617	628
570	0	563	596	0	559	557	617	591	0
0	0	0	0	611	532	0	628	0	621
